c1, c2, w, penalty, epochs
0.670175,0.935928,1,0,600
intacia, melhor_gap, melhor_fit, gap_medio, fit_medio, fobj_medio, dp, tempo(ms)
data\OR10x100-0.25_1.dat, 5.46306, 21804, 10.8991, 20550.2, 20550.2, 2.46608, 6922
data\OR10x100-0.25_10.dat, 5.25504, 21509, 11.5284, 20084.8, 20084.8, 2.42564, 6890
data\OR10x100-0.25_2.dat, 2.07008, 22329, 11.2059, 20245.9, 20245.9, 3.06369, 7135
data\OR10x100-0.25_3.dat, 6.6739, 20654, 11.1548, 19662.3, 19662.3, 2.34055, 7352
data\OR10x100-0.25_4.dat, 4.11031, 21836, 9.2823, 20658.2, 20658.2, 2.59488, 6947
data\OR10x100-0.25_5.dat, 6.08325, 21367, 11.4562, 20144.6, 20144.6, 2.46474, 6668
data\OR10x100-0.25_6.dat, 4.78553, 21687, 10.2441, 20443.7, 20443.7, 2.73792, 7079
data\OR10x100-0.25_7.dat, 5.92457, 20579, 12.4285, 19156.3, 19156.3, 2.69778, 7241
data\OR10x100-0.25_8.dat, 5.92004, 21295, 11.2775, 20082.3, 20082.3, 2.57232, 6654
data\OR10x100-0.25_9.dat, 3.84257, 21646, 11.5313, 19915.2, 19915.2, 3.04004, 7128
data\OR10x100-0.50_1.dat, 2.73946, 40261, 7.45412, 38309.4, 38309.4, 1.81863, 6978
data\OR10x100-0.50_10.dat, 4.97731, 39156, 8.05567, 37887.5, 37887.5, 1.26268, 7387
data\OR10x100-0.50_2.dat, 2.60722, 41240, 7.1508, 39316.1, 39316.1, 1.66926, 7331
data\OR10x100-0.50_3.dat, 2.24523, 41449, 7.55533, 39197.5, 39197.5, 1.4968, 6735
data\OR10x100-0.50_4.dat, 1.58031, 44903, 7.85887, 42038.5, 42038.5, 1.88751, 6944
data\OR10x100-0.50_5.dat, 1.71426, 41166, 7.79566, 38618.9, 38618.9, 1.6605, 7095
data\OR10x100-0.50_6.dat, 2.3933, 41966, 7.97883, 39564.5, 39564.5, 1.78401, 7280
data\OR10x100-0.50_7.dat, 2.4051, 42526, 7.55764, 40280.8, 40280.8, 1.62832, 7146
data\OR10x100-0.50_8.dat, 1.07051, 42510, 8.11365, 39483.6, 39483.6, 2.19057, 7183
data\OR10x100-0.50_9.dat, 4.47977, 40321, 8.0016, 38834.4, 38834.4, 1.37154, 7126
data\OR10x100-0.75_1.dat, 1.74292, 56375, 5.93202, 53971.5, 53971.5, 1.71473, 6868
data\OR10x100-0.75_10.dat, 2.32217, 59225, 6.19954, 56874, 56874, 1.29288, 7119
data\OR10x100-0.75_2.dat, 1.72946, 57958, 5.27762, 55865.4, 55865.4, 1.2578, 7317
data\OR10x100-0.75_3.dat, 1.53448, 57495, 5.19601, 55357, 55357, 1.48571, 7033
data\OR10x100-0.75_4.dat, 1.55246, 61004, 4.95944, 58892.8, 58892.8, 1.25167, 7215
data\OR10x100-0.75_5.dat, 1.25652, 60039, 5.2697, 57598.9, 57598.9, 1.91458, 6735
data\OR10x100-0.75_6.dat, 0.636424, 61046, 5.12878, 58286, 58286, 1.40021, 7014
data\OR10x100-0.75_7.dat, 2.27752, 55093, 5.31127, 53382.7, 53382.7, 1.15791, 7199
data\OR10x100-0.75_8.dat, 2.43134, 57947, 5.56437, 56086.3, 56086.3, 1.18773, 7049
data\OR10x100-0.75_9.dat, 2.72735, 58563, 5.25809, 57039.4, 57039.4, 1.19478, 7087
data\OR10x250-0.25_1.dat, 12.1919, 51971, 15.7109, 49888.2, 49888.2, 1.86598, 20104
data\OR10x250-0.25_10.dat, 13.1925, 51397, 15.8225, 49839.8, 49839.8, 1.77412, 20492
data\OR10x250-0.25_2.dat, 11.3251, 52124, 15.5196, 49658.4, 49658.4, 1.82344, 20214
data\OR10x250-0.25_3.dat, 11.5496, 51387, 16.1775, 48698.3, 48698.3, 2.00044, 20615
data\OR10x250-0.25_4.dat, 10.6475, 54505, 15.2803, 51679, 51679, 2.06582, 19722
data\OR10x250-0.25_5.dat, 13.0345, 50520, 15.4989, 49088.4, 49088.4, 1.49811, 20287
data\OR10x250-0.25_6.dat, 8.74303, 53681, 15.5322, 49687.3, 49687.3, 2.45537, 20631
data\OR10x250-0.25_7.dat, 8.27031, 53849, 15.1258, 49824.6, 49824.6, 2.17988, 20897
data\OR10x250-0.25_8.dat, 10.2756, 52880, 15.8468, 49596.5, 49596.5, 2.07105, 20470
data\OR10x250-0.25_9.dat, 9.21751, 53913, 16.3058, 49703.5, 49703.5, 2.33777, 20556
data\OR10x250-0.50_1.dat, 8.18569, 101834, 10.5417, 99220.8, 99220.8, 0.847582, 20650
data\OR10x250-0.50_10.dat, 7.97673, 98210, 11.2301, 94737.9, 94737.9, 1.02558, 21423
data\OR10x250-0.50_2.dat, 7.70533, 100340, 11.1079, 96640.8, 96640.8, 0.913557, 21883
data\OR10x250-0.50_3.dat, 7.37157, 100902, 10.9867, 96964, 96964, 1.29063, 20820
data\OR10x250-0.50_4.dat, 9.21734, 99939, 11.0225, 97951.8, 97951.8, 0.613063, 21324
data\OR10x250-0.50_5.dat, 3.28709, 104919, 10.4939, 97100.7, 97100.7, 1.78049, 21027
data\OR10x250-0.50_6.dat, 4.53697, 105816, 10.4226, 99292.1, 99292.1, 1.78728, 21480
data\OR10x250-0.50_7.dat, 7.12784, 98516, 10.992, 94417, 94417, 1.35443, 22105
data\OR10x250-0.50_8.dat, 8.25975, 97874, 11.0866, 94858.2, 94858.2, 1.05183, 21506
data\OR10x250-0.50_9.dat, 7.81579, 101245, 11.0131, 97733.4, 97733.4, 0.803737, 22096
data\OR10x250-0.75_1.dat, 3.7646, 146094, 8.14354, 139446, 139446, 1.95263, 20129
data\OR10x250-0.75_10.dat, 2.24042, 146350, 8.60059, 136829, 136829, 2.42096, 20418
data\OR10x250-0.75_2.dat, 3.30371, 143857, 8.32202, 136391, 136391, 2.38062, 20781
data\OR10x250-0.75_3.dat, 5.64614, 143332, 8.76163, 138599, 138599, 1.67316, 20260
data\OR10x250-0.75_4.dat, 2.73519, 147185, 8.83162, 137960, 137960, 2.28874, 20024
data\OR10x250-0.75_5.dat, 5.54861, 143534, 8.62706, 138856, 138856, 1.77807, 19744
data\OR10x250-0.75_6.dat, 3.77229, 146371, 8.68778, 138894, 138894, 2.65478, 19643
data\OR10x250-0.75_7.dat, 5.49138, 144722, 9.00362, 139344, 139344, 1.69743, 19847
data\OR10x250-0.75_8.dat, 4.36651, 146872, 8.68998, 140232, 140232, 1.91299, 20262
data\OR10x250-0.75_9.dat, 2.24122, 145817, 8.35785, 136693, 136693, 1.97185, 20121
data\OR10x500-0.25_1.dat, 14.2615, 101018, 17.1611, 97601.6, 97601.6, 1.30732, 39616
data\OR10x500-0.25_10.dat, 16.1156, 100033, 18.0697, 97702.7, 97702.7, 0.977612, 38947
data\OR10x500-0.25_2.dat, 15.0861, 101259, 17.9385, 97857.5, 97857.5, 1.2256, 37932
data\OR10x500-0.25_3.dat, 12.9506, 103776, 18.1208, 97612.3, 97612.3, 1.66714, 39733
data\OR10x500-0.25_4.dat, 15.2379, 100722, 18.1639, 97245, 97245, 1.48916, 39608
data\OR10x500-0.25_5.dat, 14.3045, 99861, 17.6018, 96018.6, 96018.6, 1.50193, 40098
data\OR10x500-0.25_6.dat, 15.7819, 100644, 18.4906, 97407, 97407, 1.35671, 39523
data\OR10x500-0.25_7.dat, 13.0021, 104247, 18.0147, 98240.5, 98240.5, 1.38386, 39095
data\OR10x500-0.25_8.dat, 14.6252, 101036, 18.1254, 96893.7, 96893.7, 1.2717, 40560
data\OR10x500-0.25_9.dat, 15.4751, 99583, 17.7615, 96889.2, 96889.2, 1.04757, 38965
data\OR10x500-0.50_1.dat, 9.14126, 197506, 11.6746, 191999, 191999, 0.861507, 42786
data\OR10x500-0.50_10.dat, 9.42105, 200088, 11.8104, 194810, 194810, 0.656005, 41369
data\OR10x500-0.50_2.dat, 7.71783, 202169, 12.0865, 192598, 192598, 1.14952, 43743
data\OR10x500-0.50_3.dat, 9.47316, 197210, 11.965, 191782, 191782, 0.974086, 42969
data\OR10x500-0.50_4.dat, 7.79829, 199956, 12.2007, 190409, 190409, 1.56083, 43066
data\OR10x500-0.50_5.dat, 7.3712, 198108, 11.848, 188533, 188533, 0.942147, 42552
data\OR10x500-0.50_6.dat, 7.8285, 198248, 12.2504, 188737, 188737, 1.19264, 43306
data\OR10x500-0.50_7.dat, 9.62834, 196956, 12.2759, 191186, 191186, 0.898463, 44886
data\OR10x500-0.50_8.dat, 10.2564, 197427, 11.8792, 193857, 193857, 0.713572, 43513
data\OR10x500-0.50_9.dat, 5.93427, 201660, 11.914, 188840, 188840, 1.4084, 44639
data\OR10x500-0.75_1.dat, 5.76864, 286828, 14.8602, 259154, 259154, 4.08425, 41724
data\OR10x500-0.75_10.dat, 5.24734, 290975, 14.9607, 261146, 261146, 4.44247, 39195
data\OR10x500-0.75_2.dat, 5.21333, 286615, 14.5896, 258263, 258263, 3.8595, 39732
data\OR10x500-0.75_3.dat, 5.96031, 284392, 13.5332, 261490, 261490, 4.05566, 39951
data\OR10x500-0.75_4.dat, 5.82943, 283250, 14.8094, 256240, 256240, 3.54145, 39548
data\OR10x500-0.75_5.dat, 5.56421, 287438, 15.3733, 257582, 257582, 3.22254, 39634
data\OR10x500-0.75_6.dat, 3.40384, 291562, 13.4459, 261251, 261251, 4.88989, 39700
data\OR10x500-0.75_7.dat, 3.60483, 293959, 13.7677, 262967, 262967, 4.84303, 40866
data\OR10x500-0.75_8.dat, 5.80043, 279281, 14.1666, 254477, 254477, 4.37695, 39314
data\OR10x500-0.75_9.dat, 5.63746, 284370, 15.4028, 254941, 254941, 3.9354, 39294
data\OR30x100-0.25_1.dat, 5.30393, 20782, 11.3261, 19460.4, 19460.4, 2.75059, 9548
data\OR30x100-0.25_10.dat, 4.86584, 19962, 10.5026, 18779.2, 18779.2, 2.78292, 9393
data\OR30x100-0.25_2.dat, 6.28108, 20352, 11.6768, 19180.3, 19180.3, 2.60217, 9732
data\OR30x100-0.25_3.dat, 7.36725, 19225, 10.7984, 18512.9, 18512.9, 2.31607, 9292
data\OR30x100-0.25_4.dat, 6.76016, 20013, 12.024, 18883.2, 18883.2, 2.71408, 9666
data\OR30x100-0.25_5.dat, 5.40652, 20663, 10.6969, 19507.4, 19507.4, 2.62335, 9566
data\OR30x100-0.25_6.dat, 5.3346, 20993, 10.9288, 19752.4, 19752.4, 2.64228, 9279
data\OR30x100-0.25_7.dat, 3.49099, 21038, 11.1219, 19374.5, 19374.5, 3.15486, 9509
data\OR30x100-0.25_8.dat, 5.40263, 20241, 10.4415, 19162.8, 19162.8, 2.1784, 9170
data\OR30x100-0.25_9.dat, 6.37514, 21089, 10.4178, 20178.4, 20178.4, 2.2116, 9563
data\OR30x100-0.50_1.dat, 4.23136, 39042, 8.50606, 37299.3, 37299.3, 1.31185, 9098
data\OR30x100-0.50_10.dat, 2.57794, 40625, 9.11167, 37900.4, 37900.4, 2.25804, 9109
data\OR30x100-0.50_2.dat, 3.69662, 39781, 7.88435, 38051.1, 38051.1, 1.57176, 9060
data\OR30x100-0.50_3.dat, 4.58083, 39723, 8.10305, 38256.7, 38256.7, 1.46761, 8957
data\OR30x100-0.50_4.dat, 1.48145, 40433, 8.20391, 37674, 37674, 2.4105, 9174
data\OR30x100-0.50_5.dat, 2.19619, 39991, 7.92601, 37648.1, 37648.1, 1.84731, 9142
data\OR30x100-0.50_6.dat, 3.45609, 39639, 7.946, 37795.5, 37795.5, 1.47153, 9134
data\OR30x100-0.50_7.dat, 5.26277, 38901, 8.46833, 37584.7, 37584.7, 1.35175, 9095
data\OR30x100-0.50_8.dat, 5.69536, 40286, 8.94957, 38895.8, 38895.8, 1.50537, 8957
data\OR30x100-0.50_9.dat, 3.25124, 40857, 7.87063, 38906.2, 38906.2, 2.1356, 8999
data\OR30x100-0.75_1.dat, 2.0663, 56306, 5.81556, 54150.4, 54150.4, 1.31897, 9002
data\OR30x100-0.75_10.dat, 1.30687, 59811, 5.15013, 57481.9, 57481.9, 1.54021, 9061
data\OR30x100-0.75_2.dat, 2.03075, 58808, 5.52107, 56712.9, 56712.9, 1.26167, 9230
data\OR30x100-0.75_3.dat, 1.19203, 57360, 5.25138, 55003.5, 55003.5, 1.58423, 9431
data\OR30x100-0.75_4.dat, 0.849019, 60260, 5.44798, 57464.9, 57464.9, 1.71476, 9272
data\OR30x100-0.75_5.dat, 1.42144, 58047, 5.47715, 55658.8, 55658.8, 1.81487, 9242
data\OR30x100-0.75_6.dat, 3.31606, 58021, 5.74245, 56564.9, 56564.9, 0.977581, 9542
data\OR30x100-0.75_7.dat, 3.37336, 56171, 6.2096, 54522.2, 54522.2, 1.01935, 9097
data\OR30x100-0.75_8.dat, 1.1496, 58385, 5.68163, 55708.2, 55708.2, 1.51667, 9083
data\OR30x100-0.75_9.dat, 4.20178, 56497, 6.09999, 55377.5, 55377.5, 0.894854, 9109
data\OR30x250-0.25_1.dat, 7.20242, 52748, 15.1373, 48237.7, 48237.7, 3.07393, 26224
data\OR30x250-0.25_10.dat, 9.04211, 51343, 15.7479, 47557.8, 47557.8, 2.03164, 27119
data\OR30x250-0.25_2.dat, 11.0629, 52046, 16.3923, 48927.2, 48927.2, 2.04234, 26048
data\OR30x250-0.25_3.dat, 11.3099, 50211, 16.2646, 47406, 47406, 2.34071, 27147
data\OR30x250-0.25_4.dat, 12.8122, 49636, 16.5804, 47490.8, 47490.8, 1.97569, 26294
data\OR30x250-0.25_5.dat, 10.1291, 50893, 16.3936, 47345.5, 47345.5, 2.15177, 25948
data\OR30x250-0.25_6.dat, 12.172, 50242, 17.0403, 47457.1, 47457.1, 1.89568, 25892
data\OR30x250-0.25_7.dat, 11.6277, 49804, 15.1143, 47839, 47839, 2.05916, 26076
data\OR30x250-0.25_8.dat, 11.3183, 50067, 16.3554, 47223.2, 47223.2, 2.01762, 26528
data\OR30x250-0.25_9.dat, 10.8414, 51243, 15.2501, 48709.2, 48709.2, 2.02386, 26167
data\OR30x250-0.50_1.dat, 8.07368, 99069, 11.3383, 95550.8, 95550.8, 1.33189, 26594
data\OR30x250-0.50_10.dat, 7.8616, 97464, 11.5532, 93559, 93559, 0.998165, 27367
data\OR30x250-0.50_2.dat, 7.81607, 99920, 11.6225, 95794.1, 95794.1, 1.18747, 27119
data\OR30x250-0.50_3.dat, 6.91081, 99086, 11.1016, 94625.2, 94625.2, 1.135, 26513
data\OR30x250-0.50_4.dat, 8.81582, 97454, 11.3888, 94704.1, 94704.1, 0.878278, 26925
data\OR30x250-0.50_5.dat, 2.99589, 104196, 11.0545, 95540, 95540, 2.17466, 26969
data\OR30x250-0.50_6.dat, 5.78908, 101061, 11.054, 95413.3, 95413.3, 1.19132, 26796
data\OR30x250-0.50_7.dat, 5.18087, 100861, 11.1537, 94507.5, 94507.5, 1.56523, 26714
data\OR30x250-0.50_8.dat, 9.86235, 93772, 11.9259, 91625.2, 91625.2, 0.829631, 27033
data\OR30x250-0.50_9.dat, 7.71974, 98607, 11.4662, 94603.6, 94603.6, 1.06314, 27601
data\OR30x250-0.75_1.dat, 2.56987, 146304, 8.91256, 136780, 136780, 2.17716, 27478
data\OR30x250-0.75_10.dat, 4.95898, 142246, 8.74333, 136582, 136582, 1.76997, 27409
data\OR30x250-0.75_2.dat, 5.15678, 142225, 8.68574, 136933, 136933, 1.48034, 26382
data\OR30x250-0.75_3.dat, 4.16713, 146631, 8.69167, 139708, 139708, 1.94488, 27469
data\OR30x250-0.75_4.dat, 4.80964, 145864, 8.95791, 139507, 139507, 1.80037, 27200
data\OR30x250-0.75_5.dat, 5.02306, 142738, 9.24391, 136395, 136395, 1.54303, 26313
data\OR30x250-0.75_6.dat, 4.80703, 141432, 8.74841, 135576, 135576, 1.58018, 26584
data\OR30x250-0.75_7.dat, 5.23743, 139753, 9.54133, 133406, 133406, 1.83941, 26138
data\OR30x250-0.75_8.dat, 3.64523, 147338, 8.89605, 139309, 139309, 1.80994, 26055
data\OR30x250-0.75_9.dat, 4.61256, 142671, 8.47946, 136887, 136887, 1.59448, 26326
data\OR30x500-0.25_1.dat, 14.5576, 99161, 17.901, 95280.9, 95280.9, 1.53897, 51454
data\OR30x500-0.25_10.dat, 13.6992, 101072, 18.0734, 95949.1, 95949.1, 1.71983, 51956
data\OR30x500-0.25_2.dat, 15.2583, 97292, 18.5413, 93522.7, 93522.7, 1.53081, 51285
data\OR30x500-0.25_3.dat, 15.1523, 99052, 18.0361, 95685.4, 95685.4, 1.32884, 53104
data\OR30x500-0.25_4.dat, 13.1023, 100240, 17.1946, 95519.3, 95519.3, 1.42588, 52896
data\OR30x500-0.25_5.dat, 12.6505, 101784, 17.7295, 95865.7, 95865.7, 1.47626, 50831
data\OR30x500-0.25_6.dat, 15.5157, 97783, 17.7593, 95186.2, 95186.2, 1.43091, 49681
data\OR30x500-0.25_7.dat, 16.4441, 95405, 18.1937, 93407.2, 93407.2, 1.02052, 50943
data\OR30x500-0.25_8.dat, 14.8108, 97459, 17.8751, 93953.3, 93953.3, 1.45715, 51518
data\OR30x500-0.25_9.dat, 13.8054, 99485, 18.2302, 94377.8, 94377.8, 1.44598, 51755
data\OR30x500-0.50_1.dat, 12.1437, 191618, 12.9466, 189867, 189867, 0.446601, 52566
data\OR30x500-0.50_10.dat, 12.0612, 188839, 12.9637, 186901, 186901, 0.358844, 54265
data\OR30x500-0.50_2.dat, 9.2696, 194751, 12.4723, 187876, 187876, 0.782633, 52426
data\OR30x500-0.50_3.dat, 11.1331, 191933, 13.3146, 187221, 187221, 0.663567, 53066
data\OR30x500-0.50_4.dat, 8.22771, 199981, 12.5969, 190460, 190460, 1.32176, 54037
data\OR30x500-0.50_5.dat, 7.24747, 200057, 12.7236, 188246, 188246, 1.23276, 54058
data\OR30x500-0.50_6.dat, 9.39565, 195632, 12.1976, 189582, 189582, 1.00116, 53089
data\OR30x500-0.50_7.dat, 10.8936, 192387, 12.675, 188541, 188541, 0.693545, 53592
data\OR30x500-0.50_8.dat, 8.12591, 198946, 12.3398, 189821, 189821, 1.22245, 52968
data\OR30x500-0.50_9.dat, 10.9331, 193578, 12.8661, 189377, 189377, 0.640444, 53874
data\OR30x500-0.75_1.dat, 6.87893, 280923, 15.768, 254107, 254107, 3.05882, 51828
data\OR30x500-0.75_10.dat, 4.24224, 287821, 14.9822, 255540, 255540, 3.96476, 51460
data\OR30x500-0.75_2.dat, 7.68959, 276982, 14.2534, 257287, 257287, 3.63803, 52530
data\OR30x500-0.75_3.dat, 7.15534, 283257, 14.7734, 260015, 260015, 3.37976, 52729
data\OR30x500-0.75_4.dat, 9.5768, 273107, 16.1949, 253118, 253118, 2.5493, 51171
data\OR30x500-0.75_5.dat, 5.65358, 287249, 14.424, 260546, 260546, 3.40213, 52214
data\OR30x500-0.75_6.dat, 4.35067, 284090, 13.647, 256479, 256479, 4.65523, 52733
data\OR30x500-0.75_7.dat, 5.9071, 285444, 13.0694, 263716, 263716, 3.11196, 52902
data\OR30x500-0.75_8.dat, 6.65131, 286587, 13.9803, 264086, 264086, 4.08377, 52595
data\OR30x500-0.75_9.dat, 5.43537, 286719, 12.6, 264996, 264996, 4.30896, 52076
data\OR5x100-0.25_1.dat, 4.72909, 23228, 9.86602, 21975.6, 21975.6, 2.37757, 6043
data\OR5x100-0.25_10.dat, 2.98636, 23682, 10.3137, 21893.3, 21893.3, 3.21721, 6404
data\OR5x100-0.25_2.dat, 5.24429, 23001, 10.9033, 21627.3, 21627.3, 2.31209, 5970
data\OR5x100-0.25_3.dat, 3.60494, 22702, 11.2311, 20906, 20906, 2.78449, 6247
data\OR5x100-0.25_4.dat, 3.48857, 22713, 9.69689, 21251.9, 21251.9, 2.37225, 6399
data\OR5x100-0.25_5.dat, 7.08182, 22292, 11.0705, 21335.1, 21335.1, 1.74435, 6261
data\OR5x100-0.25_6.dat, 0.796327, 24417, 11.7632, 21717.7, 21717.7, 3.32732, 6118
data\OR5x100-0.25_7.dat, 6.38506, 23957, 11.4783, 22653.6, 22653.6, 2.13046, 6318
data\OR5x100-0.25_8.dat, 5.03631, 22231, 10.3822, 20979.5, 20979.5, 2.30026, 6362
data\OR5x100-0.25_9.dat, 6.20251, 22714, 11.1486, 21516.3, 21516.3, 2.22187, 6308
data\OR5x100-0.50_1.dat, 1.88039, 41953, 7.03612, 39748.6, 39748.6, 1.93657, 6709
data\OR5x100-0.50_10.dat, 2.45545, 43460, 7.28996, 41306, 41306, 1.87606, 6545
data\OR5x100-0.50_2.dat, 1.27159, 42004, 7.34877, 39418.5, 39418.5, 1.63743, 6667
data\OR5x100-0.50_3.dat, 2.19453, 41047, 7.26236, 38920.1, 38920.1, 1.49086, 6609
data\OR5x100-0.50_4.dat, 3.51076, 43507, 7.84416, 41553.1, 41553.1, 1.3977, 6489
data\OR5x100-0.50_5.dat, 3.53641, 40725, 7.56628, 39023.7, 39023.7, 1.50081, 6357
data\OR5x100-0.50_6.dat, 1.12517, 42444, 7.72202, 39612.2, 39612.2, 2.15751, 6203
data\OR5x100-0.50_7.dat, 3.88012, 40379, 7.86316, 38705.8, 38705.8, 1.43671, 6690
data\OR5x100-0.50_8.dat, 1.83918, 44192, 7.14964, 41801.2, 41801.2, 1.61514, 6231
data\OR5x100-0.50_9.dat, 1.92905, 42603, 7.12507, 40345.8, 40345.8, 1.54015, 6395
data\OR5x100-0.75_1.dat, 0.971215, 59241, 5.48828, 56538.8, 56538.8, 1.41592, 6254
data\OR5x100-0.75_10.dat, 2.64488, 58379, 4.98974, 56972.9, 56972.9, 1.18192, 6297
data\OR5x100-0.75_2.dat, 1.67845, 61039, 5.12556, 58899, 58899, 1.37625, 6626
data\OR5x100-0.75_3.dat, 2.12367, 58532, 4.78813, 56938.6, 56938.6, 1.34937, 6534
data\OR5x100-0.75_4.dat, 0.601862, 60115, 4.70389, 57634.1, 57634.1, 1.56881, 6328
data\OR5x100-0.75_5.dat, 1.32753, 60280, 5.13011, 57957, 57957, 1.67816, 6355
data\OR5x100-0.75_6.dat, 2.28633, 57611, 5.65851, 55622.8, 55622.8, 1.41853, 6271
data\OR5x100-0.75_7.dat, 3.06477, 59652, 5.20361, 58335.8, 58335.8, 0.859241, 6450
data\OR5x100-0.75_8.dat, 1.39467, 60662, 5.30966, 58253.5, 58253.5, 1.55941, 6632
data\OR5x100-0.75_9.dat, 2.28752, 58093, 5.54926, 56153.8, 56153.8, 1.37138, 6259
data\OR5x250-0.25_1.dat, 6.46412, 55478, 16.3945, 49588.1, 49588.1, 2.7129, 19477
data\OR5x250-0.25_10.dat, 10.3055, 52883, 15.6378, 49739.1, 49739.1, 2.09782, 20115
data\OR5x250-0.25_2.dat, 6.75917, 57317, 15.7886, 51766.4, 51766.4, 2.41738, 18960
data\OR5x250-0.25_3.dat, 11.8896, 54743, 16.6484, 51786.4, 51786.4, 1.98671, 18752
data\OR5x250-0.25_4.dat, 11.3718, 52701, 14.4753, 50855.5, 50855.5, 1.59635, 19966
data\OR5x250-0.25_5.dat, 9.60289, 53290, 15.4201, 49860.7, 49860.7, 1.90985, 19205
data\OR5x250-0.25_6.dat, 8.37259, 55047, 15.5431, 50739.2, 50739.2, 2.1352, 19724
data\OR5x250-0.25_7.dat, 11.7175, 53335, 15.8928, 50812.5, 50812.5, 1.97432, 19532
data\OR5x250-0.25_8.dat, 9.91834, 55375, 14.7478, 52406.2, 52406.2, 2.40223, 19341
data\OR5x250-0.25_9.dat, 7.05502, 57519, 16.3416, 51772, 51772, 2.28976, 20509
data\OR5x250-0.50_1.dat, 6.57874, 101931, 9.50413, 98739.1, 98739.1, 1.01932, 20706
data\OR5x250-0.50_10.dat, 6.16301, 100460, 9.8659, 96495.8, 96495.8, 1.64967, 20784
data\OR5x250-0.50_2.dat, 3.41676, 106088, 10.0924, 98755.4, 98755.4, 2.12467, 20798
data\OR5x250-0.50_3.dat, 5.86593, 102143, 10.2853, 97347.7, 97347.7, 1.46109, 20073
data\OR5x250-0.50_4.dat, 8.00124, 100631, 10.7106, 97667.4, 97667.4, 0.901169, 20446
data\OR5x250-0.50_5.dat, 6.46767, 103559, 9.95626, 99696.4, 99696.4, 0.862184, 20677
data\OR5x250-0.50_6.dat, 7.82452, 101629, 10.0685, 99154.9, 99154.9, 0.934039, 19815
data\OR5x250-0.50_7.dat, 5.92535, 102579, 10.1932, 97925.3, 97925.3, 1.34218, 20779
data\OR5x250-0.50_8.dat, 7.95382, 100369, 9.99196, 98146.6, 98146.6, 0.799753, 20985
data\OR5x250-0.50_9.dat, 3.36361, 106272, 9.9813, 98994.5, 98994.5, 1.51302, 20692
data\OR5x250-0.75_1.dat, 2.61517, 145751, 7.74706, 138070, 138070, 2.25601, 19591
data\OR5x250-0.75_10.dat, 3.86958, 148683, 8.40241, 141672, 141672, 1.95124, 19273
data\OR5x250-0.75_2.dat, 3.38327, 150668, 8.27547, 143039, 143039, 1.97357, 19157
data\OR5x250-0.75_3.dat, 1.49598, 147100, 8.11414, 137217, 137217, 2.25584, 19867
data\OR5x250-0.75_4.dat, 5.29942, 144068, 8.6012, 139045, 139045, 1.66989, 19151
data\OR5x250-0.75_5.dat, 4.36041, 143797, 8.10721, 138164, 138164, 2.28785, 20039
data\OR5x250-0.75_6.dat, 4.21607, 143719, 9.5325, 135742, 135742, 1.96991, 19605
data\OR5x250-0.75_7.dat, 3.87465, 142849, 8.41347, 136104, 136104, 1.78691, 20074
data\OR5x250-0.75_8.dat, 3.43833, 144632, 9.238, 135945, 135945, 2.21732, 19237
data\OR5x250-0.75_9.dat, 5.58568, 146413, 9.17203, 140851, 140851, 1.8355, 19321
data\OR5x500-0.25_1.dat, 13.2378, 104243, 18.0737, 98432.8, 98432.8, 1.25115, 37569
data\OR5x500-0.25_10.dat, 14.8587, 102780, 18.8193, 97998.9, 97998.9, 1.56241, 39151
data\OR5x500-0.25_2.dat, 15.8951, 99142, 18.2835, 96326.6, 96326.6, 1.25778, 38869
data\OR5x500-0.25_3.dat, 11.9697, 106632, 17.0008, 100538, 100538, 1.42659, 40229
data\OR5x500-0.25_4.dat, 14.2702, 103565, 18.3678, 98615, 98615, 1.54891, 37587
data\OR5x500-0.25_5.dat, 10.6974, 109234, 18.588, 99582.4, 99582.4, 1.95557, 38167
data\OR5x500-0.25_6.dat, 16.455, 101945, 19.9039, 97736.5, 97736.5, 1.50999, 37738
data\OR5x500-0.25_7.dat, 14.66, 101663, 18.6459, 96914.7, 96914.7, 1.43238, 37774
data\OR5x500-0.25_8.dat, 14.8704, 102639, 18.8367, 97857, 97857, 1.56587, 38245
data\OR5x500-0.25_9.dat, 8.2822, 111516, 17.3987, 100432, 100432, 2.29105, 39190
data\OR5x500-0.50_1.dat, 5.07627, 207340, 11.2461, 193863, 193863, 1.38025, 40616
data\OR5x500-0.50_10.dat, 10.4074, 196852, 11.6297, 194166, 194166, 0.493813, 40855
data\OR5x500-0.50_2.dat, 9.47324, 200247, 11.6853, 195354, 195354, 0.653161, 42124
data\OR5x500-0.50_3.dat, 9.98888, 195812, 12.0216, 191390, 191390, 0.665442, 42245
data\OR5x500-0.50_4.dat, 8.438, 204696, 11.8786, 197004, 197004, 0.81576, 41943
data\OR5x500-0.50_5.dat, 8.974, 199316, 12.022, 192642, 192642, 0.88272, 41855
data\OR5x500-0.50_6.dat, 8.72308, 201293, 11.8811, 194329, 194329, 0.919868, 42250
data\OR5x500-0.50_7.dat, 9.43956, 199223, 11.9726, 193651, 193651, 0.808722, 41954
data\OR5x500-0.50_8.dat, 6.80842, 203358, 11.3953, 193349, 193349, 1.31343, 42398
data\OR5x500-0.50_9.dat, 5.38815, 205285, 11.7285, 191528, 191528, 1.29335, 42480
data\OR5x500-0.75_1.dat, 8.41367, 270938, 15.0215, 251390, 251390, 3.0654, 38734
data\OR5x500-0.75_10.dat, 6.36891, 280809, 13.4462, 259584, 259584, 3.63449, 39552
data\OR5x500-0.75_2.dat, 5.42478, 291373, 14.1343, 264540, 264540, 4.40449, 39988
data\OR5x500-0.75_3.dat, 5.25391, 284045, 13.8139, 258383, 258383, 4.12286, 40465
data\OR5x500-0.75_4.dat, 4.34971, 293149, 14.0685, 263363, 263363, 4.29928, 39422
data\OR5x500-0.75_5.dat, 5.8167, 282872, 13.9458, 258457, 258457, 4.09706, 39043
data\OR5x500-0.75_6.dat, 5.45921, 286053, 13.4917, 261749, 261749, 4.19711, 40526
data\OR5x500-0.75_7.dat, 3.37626, 291165, 13.7338, 259954, 259954, 4.58555, 40631
data\OR5x500-0.75_8.dat, 7.04282, 284871, 15.2959, 259579, 259579, 3.69128, 38748
data\OR5x500-0.75_9.dat, 3.22196, 293071, 13.2857, 262595, 262595, 4.20502, 38813

c1, c2, w, penalty, epochs
0.601321,1.79865,1,0,600
intacia,nOpt,melhor_gap, melhor_fit, gap_medio, fit_medio, fobj_medio, dp, tempo(ms)
data\ORLib\OR10x100-0.25_1.dat, 0, 2.17222, 22563, 10.1463, 20723.9, 20723.9, 3.0548, 7351
data\ORLib\OR10x100-0.25_10.dat, 0, 4.47097, 21687, 10.8827, 20231.4, 20231.4, 2.52613, 6827
data\ORLib\OR10x100-0.25_2.dat, 0, 6.37253, 21348, 11.7805, 20114.9, 20114.9, 2.135, 7520
data\ORLib\OR10x100-0.25_3.dat, 0, 7.4059, 20492, 11.1539, 19662.5, 19662.5, 2.22079, 7189
data\ORLib\OR10x100-0.25_4.dat, 0, 4.98419, 21637, 9.46206, 20617.3, 20617.3, 1.90329, 6968
data\ORLib\OR10x100-0.25_5.dat, 0, 6.59751, 21250, 11.3829, 20161.3, 20161.3, 1.6427, 6964
data\ORLib\OR10x100-0.25_6.dat, 0, 4.63626, 21721, 10.0637, 20484.8, 20484.8, 2.43104, 6733
data\ORLib\OR10x100-0.25_7.dat, 0, 6.99429, 20345, 12.1669, 19213.5, 19213.5, 2.23517, 6960
data\ORLib\OR10x100-0.25_8.dat, 0, 4.78904, 21551, 11.1766, 20105.2, 20105.2, 2.9233, 7060
data\ORLib\OR10x100-0.25_9.dat, 0, 7.08542, 20916, 11.5354, 19914.3, 19914.3, 2.07124, 6631
data\ORLib\OR10x100-0.50_1.dat, 0, 2.08721, 40531, 7.19837, 38415.2, 38415.2, 1.88786, 6751
data\ORLib\OR10x100-0.50_10.dat, 0, 5.56702, 38913, 7.97203, 37922, 37922, 1.36816, 6938
data\ORLib\OR10x100-0.50_2.dat, 0, 3.13149, 41018, 7.59053, 39129.9, 39129.9, 1.50519, 6757
data\ORLib\OR10x100-0.50_3.dat, 0, 2.85371, 41191, 7.70108, 39135.7, 39135.7, 1.53652, 7056
data\ORLib\OR10x100-0.50_4.dat, 0, 1.79292, 44806, 7.42431, 42236.7, 42236.7, 1.87825, 6878
data\ORLib\OR10x100-0.50_5.dat, 0, 3.85589, 40269, 7.67142, 38670.9, 38670.9, 1.42542, 6842
data\ORLib\OR10x100-0.50_6.dat, 0, 3.93767, 41302, 7.84122, 39623.7, 39623.7, 1.63958, 7041
data\ORLib\OR10x100-0.50_7.dat, 0, 5.79474, 41049, 8.19977, 40001, 40001, 1.16591, 7382
data\ORLib\OR10x100-0.50_8.dat, 0, 0.830812, 42613, 8.07478, 39500.3, 39500.3, 2.33287, 7206
data\ORLib\OR10x100-0.50_9.dat, 0, 3.57008, 40705, 8.10591, 38790.3, 38790.3, 1.54605, 7006
data\ORLib\OR10x100-0.75_1.dat, 0, 1.43094, 56554, 5.39753, 54278.2, 54278.2, 1.373, 6614
data\ORLib\OR10x100-0.75_10.dat, 0, 0.849372, 60118, 6.14143, 56909.3, 56909.3, 1.48718, 6985
data\ORLib\OR10x100-0.75_2.dat, 0, 1.45308, 58121, 4.8136, 56139, 56139, 1.25103, 7054
data\ORLib\OR10x100-0.75_3.dat, 0, 3.1957, 56525, 4.78344, 55597.9, 55597.9, 0.947919, 6852
data\ORLib\OR10x100-0.75_4.dat, 0, 1.46693, 61057, 5.2021, 58742.5, 58742.5, 1.23966, 6966
data\ORLib\OR10x100-0.75_5.dat, 0, 0.917718, 60245, 5.46788, 57478.4, 57478.4, 1.51584, 7010
data\ORLib\OR10x100-0.75_6.dat, 0, 2.39595, 59965, 4.91788, 58415.6, 58415.6, 1.10863, 6886
data\ORLib\OR10x100-0.75_7.dat, 0, 2.44071, 55001, 4.69222, 53731.7, 53731.7, 1.22194, 6788
data\ORLib\OR10x100-0.75_8.dat, 0, 1.5137, 58492, 5.43685, 56162, 56162, 1.192, 7027
data\ORLib\OR10x100-0.75_9.dat, 0, 0.827174, 59707, 5.0157, 57185.3, 57185.3, 1.66666, 7007
data\ORLib\OR10x250-0.25_1.dat, 0, 8.44611, 54188, 15.2817, 50142.2, 50142.2, 2.16735, 20243
data\ORLib\OR10x250-0.25_10.dat, 0, 5.99243, 55660, 15.1443, 50241.4, 50241.4, 2.32393, 19950
data\ORLib\OR10x250-0.25_2.dat, 0, 10.1087, 52839, 15.3196, 49776, 49776, 2.0025, 20571
data\ORLib\OR10x250-0.25_3.dat, 0, 9.09686, 52812, 16.2586, 48651.3, 48651.3, 2.32097, 19592
data\ORLib\OR10x250-0.25_4.dat, 0, 11.8492, 53772, 15.1799, 51740.2, 51740.2, 1.82364, 20762
data\ORLib\OR10x250-0.25_5.dat, 0, 11.1823, 51596, 15.1067, 49316.2, 49316.2, 1.7241, 19721
data\ORLib\OR10x250-0.25_6.dat, 0, 5.88365, 55363, 14.8473, 50090.2, 50090.2, 2.61768, 19160
data\ORLib\OR10x250-0.25_7.dat, 0, 11.0895, 52194, 14.77, 50033.4, 50033.4, 1.55456, 20881
data\ORLib\OR10x250-0.25_8.dat, 0, 12.8292, 51375, 15.9925, 49510.6, 49510.6, 1.53632, 20026
data\ORLib\OR10x250-0.25_9.dat, 0, 11.4975, 52559, 15.893, 49948.6, 49948.6, 1.91726, 20599
data\ORLib\OR10x250-0.50_1.dat, 0, 5.947, 104317, 10.3491, 99434.5, 99434.5, 1.12826, 21491
data\ORLib\OR10x250-0.50_10.dat, 0, 8.82378, 97306, 11.2898, 94674.2, 94674.2, 1.01999, 21781
data\ORLib\OR10x250-0.50_2.dat, 0, 4.51723, 103806, 10.1525, 97679.5, 97679.5, 1.77102, 20923
data\ORLib\OR10x250-0.50_3.dat, 0, 8.44931, 99728, 11.0882, 96853.4, 96853.4, 0.953053, 21325
data\ORLib\OR10x250-0.50_4.dat, 0, 4.86983, 104725, 10.2081, 98848.3, 98848.3, 1.63068, 21591
data\ORLib\OR10x250-0.50_5.dat, 0, 6.82952, 101076, 10.4492, 97149.2, 97149.2, 1.1148, 20981
data\ORLib\OR10x250-0.50_6.dat, 0, 6.24295, 103925, 10.5888, 99107.8, 99107.8, 1.27714, 20327
data\ORLib\OR10x250-0.50_7.dat, 0, 6.18796, 99513, 11.0269, 94380, 94380, 1.20211, 20995
data\ORLib\OR10x250-0.50_8.dat, 0, 6.87157, 99355, 10.9726, 94979.7, 94979.7, 1.31306, 21482
data\ORLib\OR10x250-0.50_9.dat, 0, 4.52704, 104857, 10.4187, 98386.2, 98386.2, 1.65162, 20807
data\ORLib\OR10x250-0.75_1.dat, 0, 3.95892, 145799, 8.80567, 138441, 138441, 1.92927, 20298
data\ORLib\OR10x250-0.75_10.dat, 0, 2.08879, 146577, 8.07856, 137610, 137610, 2.08633, 19998
data\ORLib\OR10x250-0.75_2.dat, 0, 3.46974, 143610, 8.78779, 135698, 135698, 2.03738, 20165
data\ORLib\OR10x250-0.75_3.dat, 0, 3.41718, 146718, 7.99928, 139757, 139757, 1.88239, 19686
data\ORLib\OR10x250-0.75_4.dat, 0, 1.39634, 149211, 8.46576, 138513, 138513, 2.03624, 20023
data\ORLib\OR10x250-0.75_5.dat, 0, 2.6881, 147881, 8.36922, 139248, 139248, 1.89981, 19710
data\ORLib\OR10x250-0.75_6.dat, 0, 3.67302, 146522, 8.01232, 139922, 139922, 1.84818, 19864
data\ORLib\OR10x250-0.75_7.dat, 0, 4.16702, 146750, 8.5584, 140025, 140025, 2.14936, 19534
data\ORLib\OR10x250-0.75_8.dat, 0, 4.25321, 147046, 8.34006, 140770, 140770, 1.81194, 19532
data\ORLib\OR10x250-0.75_9.dat, 0, 2.60392, 145276, 8.01692, 137202, 137202, 2.40347, 20278
data\ORLib\OR10x500-0.25_1.dat, 0, 14.601, 100618, 16.8948, 97915.3, 97915.3, 1.31303, 38344
data\ORLib\OR10x500-0.25_10.dat, 0, 15.9982, 100173, 17.9184, 97883.1, 97883.1, 1.08815, 38855
data\ORLib\OR10x500-0.25_2.dat, 0, 13.4861, 103167, 17.2848, 98637.1, 98637.1, 1.49157, 38520
data\ORLib\OR10x500-0.25_3.dat, 0, 13.8674, 102683, 17.3304, 98554.6, 98554.6, 1.34794, 38763
data\ORLib\OR10x500-0.25_4.dat, 0, 15.3683, 100567, 17.6484, 97857.6, 97857.6, 1.27297, 38430
data\ORLib\OR10x500-0.25_5.dat, 0, 12.7263, 101700, 17.0777, 96629.4, 96629.4, 1.60366, 38570
data\ORLib\OR10x500-0.25_6.dat, 0, 15.253, 101276, 18.4474, 97458.6, 97458.6, 1.53857, 38543
data\ORLib\OR10x500-0.25_7.dat, 0, 13.6372, 103486, 17.7091, 98606.8, 98606.8, 1.47091, 39884
data\ORLib\OR10x500-0.25_8.dat, 0, 15.1051, 100468, 17.6625, 97441.5, 97441.5, 1.07916, 39052
data\ORLib\OR10x500-0.25_9.dat, 0, 13.0586, 102430, 16.9408, 97856.2, 97856.2, 1.65618, 39795
data\ORLib\OR10x500-0.50_1.dat, 0, 10.2927, 195003, 11.7456, 191845, 191845, 0.589387, 42686
data\ORLib\OR10x500-0.50_10.dat, 0, 9.45138, 200021, 11.7621, 194917, 194917, 0.765325, 42443
data\ORLib\OR10x500-0.50_2.dat, 0, 9.23557, 198844, 12.2066, 192335, 192335, 0.715315, 42213
data\ORLib\OR10x500-0.50_3.dat, 0, 10.058, 195936, 12.2179, 191231, 191231, 0.72982, 43852
data\ORLib\OR10x500-0.50_4.dat, 0, 7.93478, 199660, 12.177, 190460, 190460, 1.16086, 43922
data\ORLib\OR10x500-0.50_5.dat, 0, 8.3933, 195922, 11.5312, 189211, 189211, 0.883006, 42005
data\ORLib\OR10x500-0.50_6.dat, 0, 9.31116, 195059, 12.1008, 189059, 189059, 1.00225, 41902
data\ORLib\OR10x500-0.50_7.dat, 0, 8.9286, 198481, 12.1579, 191443, 191443, 1.02568, 42941
data\ORLib\OR10x500-0.50_8.dat, 0, 9.27042, 199596, 11.9907, 193612, 193612, 0.908414, 42817
data\ORLib\OR10x500-0.50_9.dat, 0, 9.20833, 194641, 11.8839, 188905, 188905, 1.07009, 43533
data\ORLib\OR10x500-0.75_1.dat, 0, 6.33897, 285092, 14.7699, 259429, 259429, 4.07175, 39702
data\ORLib\OR10x500-0.75_10.dat, 0, 8.20186, 281902, 14.5062, 262542, 262542, 2.7921, 39397
data\ORLib\OR10x500-0.75_2.dat, 0, 2.17045, 295816, 13.9806, 260105, 260105, 4.07326, 39497
data\ORLib\OR10x500-0.75_3.dat, 0, 6.18583, 283710, 14.6465, 258124, 258124, 3.65267, 38735
data\ORLib\OR10x500-0.75_4.dat, 0, 4.74128, 286523, 13.3854, 260523, 260523, 3.80011, 40670
data\ORLib\OR10x500-0.75_5.dat, 0, 5.58293, 287381, 13.3579, 263716, 263716, 4.01006, 39243
data\ORLib\OR10x500-0.75_6.dat, 0, 5.80978, 284300, 12.9544, 262735, 262735, 3.63262, 39602
data\ORLib\OR10x500-0.75_7.dat, 0, 5.96061, 286775, 14.3798, 261101, 261101, 3.62267, 39352
data\ORLib\OR10x500-0.75_8.dat, 0, 5.84799, 279140, 14.7204, 252835, 252835, 3.25432, 39993
data\ORLib\OR10x500-0.75_9.dat, 0, 6.95118, 280411, 14.5762, 257432, 257432, 3.25783, 38910
data\ORLib\OR30x100-0.25_1.dat, 0, 3.17142, 21250, 10.7763, 19581, 19581, 2.58807, 9671
data\ORLib\OR30x100-0.25_10.dat, 0, 3.13587, 20325, 10.5757, 18763.9, 18763.9, 3.10265, 9536
data\ORLib\OR30x100-0.25_2.dat, 0, 4.19967, 20804, 11.0353, 19319.6, 19319.6, 2.73655, 9446
data\ORLib\OR30x100-0.25_3.dat, 0, 5.62783, 19586, 10.7213, 18528.9, 18528.9, 2.02169, 9193
data\ORLib\OR30x100-0.25_4.dat, 0, 5.69325, 20242, 11.0158, 19099.6, 19099.6, 2.26336, 9888
data\ORLib\OR30x100-0.25_5.dat, 0, 2.26607, 21349, 9.79659, 19704, 19704, 2.70907, 9235
data\ORLib\OR30x100-0.25_6.dat, 0, 3.14755, 21478, 10.9625, 19745, 19745, 2.88314, 9508
data\ORLib\OR30x100-0.25_7.dat, 0, 2.74325, 21201, 9.80702, 19661.2, 19661.2, 3.54297, 9236
data\ORLib\OR30x100-0.25_8.dat, 0, 5.34187, 20254, 10.4172, 19168, 19168, 1.95626, 9183
data\ORLib\OR30x100-0.25_9.dat, 0, 4.42175, 21529, 9.55161, 20373.5, 20373.5, 2.17655, 9286
data\ORLib\OR30x100-0.50_1.dat, 0, 2.24201, 39853, 7.57696, 37678.1, 37678.1, 2.18185, 8949
data\ORLib\OR30x100-0.50_10.dat, 0, 3.6187, 40191, 8.71303, 38066.7, 38066.7, 1.83691, 9260
data\ORLib\OR30x100-0.50_2.dat, 0, 4.51002, 39445, 7.5322, 38196.6, 38196.6, 1.47953, 9329
data\ORLib\OR30x100-0.50_3.dat, 0, 2.44775, 40611, 7.86748, 38354.8, 38354.8, 2.05091, 9036
data\ORLib\OR30x100-0.50_4.dat, 0, 1.48145, 40433, 8.07209, 37728.1, 37728.1, 2.24085, 8922
data\ORLib\OR30x100-0.50_5.dat, 0, 3.75896, 39352, 7.72522, 37730.2, 37730.2, 1.53168, 9142
data\ORLib\OR30x100-0.50_6.dat, 0, 1.80476, 40317, 7.56539, 37951.8, 37951.8, 1.93009, 9036
data\ORLib\OR30x100-0.50_7.dat, 0, 2.19911, 40159, 7.84505, 37840.7, 37840.7, 1.79018, 8811
data\ORLib\OR30x100-0.50_8.dat, 0, 1.72055, 41984, 7.72935, 39417.1, 39417.1, 1.94052, 9427
data\ORLib\OR30x100-0.50_9.dat, 0, 4.84727, 40183, 8.59508, 38600.3, 38600.3, 1.50192, 8967
data\ORLib\OR30x100-0.75_1.dat, 0, 2.06978, 56304, 5.40555, 54386.1, 54386.1, 1.29872, 9216
data\ORLib\OR30x100-0.75_10.dat, 0, 1.0478, 59968, 5.01064, 57566.4, 57566.4, 1.69119, 9115
data\ORLib\OR30x100-0.75_2.dat, 0, 1.12283, 59353, 5.07705, 56979.4, 56979.4, 1.59223, 9024
data\ORLib\OR30x100-0.75_3.dat, 0, 2.74409, 56459, 5.59613, 54803.3, 54803.3, 1.24436, 9188
data\ORLib\OR30x100-0.75_4.dat, 0, 1.74411, 59716, 5.92833, 57173, 57173, 1.20886, 9219
data\ORLib\OR30x100-0.75_5.dat, 0, 0.699681, 58472, 5.73274, 55508.3, 55508.3, 1.78244, 9176
data\ORLib\OR30x100-0.75_6.dat, 0, 1.80467, 58928, 5.09262, 56954.9, 56954.9, 1.34327, 9321
data\ORLib\OR30x100-0.75_7.dat, 0, 1.98858, 56976, 5.5144, 54926.4, 54926.4, 1.41812, 9290
data\ORLib\OR30x100-0.75_8.dat, 0, 1.36462, 58258, 5.59726, 55758, 55758, 1.60395, 9091
data\ORLib\OR30x100-0.75_9.dat, 0, 1.10725, 58322, 5.39251, 55794.8, 55794.8, 1.59583, 9233
data\ORLib\OR30x250-0.25_1.dat, 0, 10.7526, 50730, 16.0895, 47696.4, 47696.4, 2.09611, 27107
data\ORLib\OR30x250-0.25_10.dat, 0, 12.7925, 49226, 15.4298, 47737.3, 47737.3, 1.47882, 26605
data\ORLib\OR30x250-0.25_2.dat, 0, 10.9518, 52111, 15.5924, 49395.3, 49395.3, 2.14301, 26440
data\ORLib\OR30x250-0.25_3.dat, 0, 11.0821, 50340, 16.1323, 47480.8, 47480.8, 1.91592, 26519
data\ORLib\OR30x250-0.25_4.dat, 0, 7.70069, 52546, 15.5173, 48096, 48096, 2.39465, 26754
data\ORLib\OR30x250-0.25_5.dat, 0, 7.15534, 52577, 14.9722, 48150.4, 48150.4, 2.37518, 26035
data\ORLib\OR30x250-0.25_6.dat, 0, 12.5566, 50022, 16.2364, 47917, 47917, 1.61201, 26489
data\ORLib\OR30x250-0.25_7.dat, 0, 8.96783, 51303, 15.0455, 47877.8, 47877.8, 2.17974, 26184
data\ORLib\OR30x250-0.25_8.dat, 0, 11.0916, 50195, 15.802, 47535.7, 47535.7, 1.70848, 27648
data\ORLib\OR30x250-0.25_9.dat, 0, 8.96405, 52322, 14.869, 48928.2, 48928.2, 2.23822, 26591
data\ORLib\OR30x250-0.50_1.dat, 0, 5.04964, 102328, 11.5422, 95331, 95331, 1.75973, 27133
data\ORLib\OR30x250-0.50_10.dat, 0, 6.43127, 98977, 11.4609, 93656.7, 93656.7, 1.59539, 26560
data\ORLib\OR30x250-0.50_2.dat, 0, 8.25614, 99443, 11.7576, 95647.7, 95647.7, 0.906439, 27009
data\ORLib\OR30x250-0.50_3.dat, 0, 4.78101, 101353, 10.8866, 94854.1, 94854.1, 1.50269, 26652
data\ORLib\OR30x250-0.50_4.dat, 0, 7.48999, 98871, 11.0021, 95117.4, 95117.4, 1.45264, 26359
data\ORLib\OR30x250-0.50_5.dat, 0, 7.65356, 99193, 11.4638, 95100.2, 95100.2, 1.25448, 26419
data\ORLib\OR30x250-0.50_6.dat, 0, 6.36985, 100438, 10.5641, 95938.7, 95938.7, 1.36229, 26010
data\ORLib\OR30x250-0.50_7.dat, 0, 4.95619, 101100, 11.5304, 94106.9, 94106.9, 1.50869, 26724
data\ORLib\OR30x250-0.50_8.dat, 0, 7.41406, 96319, 11.3659, 92207.8, 92207.8, 1.55403, 26512
data\ORLib\OR30x250-0.50_9.dat, 0, 9.10478, 97127, 11.2375, 94848.1, 94848.1, 0.891344, 27423
data\ORLib\OR30x250-0.75_1.dat, 0, 5.18437, 142378, 8.72297, 137064, 137064, 1.8089, 26561
data\ORLib\OR30x250-0.75_10.dat, 0, 2.98394, 145202, 8.00178, 137692, 137692, 1.64687, 27212
data\ORLib\OR30x250-0.75_2.dat, 0, 3.46964, 144755, 8.51638, 137187, 137187, 1.84183, 26627
data\ORLib\OR30x250-0.75_3.dat, 0, 5.91999, 143949, 8.87707, 139424, 139424, 1.53546, 26462
data\ORLib\OR30x250-0.75_4.dat, 0, 3.75504, 147480, 8.14932, 140746, 140746, 1.81758, 26231
data\ORLib\OR30x250-0.75_5.dat, 0, 4.26584, 143876, 8.17542, 138000, 138000, 1.95299, 26772
data\ORLib\OR30x250-0.75_6.dat, 0, 5.31654, 140675, 8.46079, 136003, 136003, 1.58286, 26306
data\ORLib\OR30x250-0.75_7.dat, 0, 4.07114, 141473, 8.51559, 134918, 134918, 1.94812, 26609
data\ORLib\OR30x250-0.75_8.dat, 0, 2.38176, 149270, 8.53484, 139861, 139861, 2.03532, 26407
data\ORLib\OR30x250-0.75_9.dat, 0, 3.24196, 144721, 8.30594, 137147, 137147, 1.74132, 27128
data\ORLib\OR30x500-0.25_1.dat, 0, 14.1931, 99584, 17.7608, 95443.5, 95443.5, 1.33053, 51141
data\ORLib\OR30x500-0.25_10.dat, 0, 14.3635, 100294, 17.9967, 96039, 96039, 1.19842, 51803
data\ORLib\OR30x500-0.25_2.dat, 0, 15.861, 96600, 18.3516, 93740.5, 93740.5, 1.24163, 52900
data\ORLib\OR30x500-0.25_3.dat, 0, 15.1661, 99036, 17.5951, 96200.3, 96200.3, 1.34136, 52221
data\ORLib\OR30x500-0.25_4.dat, 0, 12.8856, 100490, 17.044, 95693.1, 95693.1, 1.46934, 51065
data\ORLib\OR30x500-0.25_5.dat, 0, 15.4353, 98539, 17.5057, 96126.4, 96126.4, 1.17311, 50607
data\ORLib\OR30x500-0.25_6.dat, 0, 15.4051, 97911, 17.7395, 95209.2, 95209.2, 1.13532, 50529
data\ORLib\OR30x500-0.25_7.dat, 0, 10.5464, 102139, 17.2695, 94462.5, 94462.5, 1.86903, 50960
data\ORLib\OR30x500-0.25_8.dat, 0, 10.5461, 102338, 16.9432, 95019.5, 95019.5, 1.97628, 52462
data\ORLib\OR30x500-0.25_9.dat, 0, 13.4709, 99871, 16.8233, 96001.7, 96001.7, 1.58278, 52454
data\ORLib\OR30x500-0.50_1.dat, 0, 9.98194, 196333, 12.8775, 190018, 190018, 0.95271, 54175
data\ORLib\OR30x500-0.50_10.dat, 0, 7.88306, 197811, 12.4861, 187926, 187926, 1.15817, 53001
data\ORLib\OR30x500-0.50_2.dat, 0, 10.0253, 193129, 12.1364, 188597, 188597, 0.821904, 54218
data\ORLib\OR30x500-0.50_3.dat, 0, 10.47, 193365, 13.1825, 187507, 187507, 0.996236, 52655
data\ORLib\OR30x500-0.50_4.dat, 0, 9.09137, 198099, 12.5436, 190576, 190576, 0.991376, 52583
data\ORLib\OR30x500-0.50_5.dat, 0, 8.78163, 196748, 12.6309, 188446, 188446, 0.99112, 53154
data\ORLib\OR30x500-0.50_6.dat, 0, 6.98132, 200845, 11.864, 190302, 190302, 1.44004, 54042
data\ORLib\OR30x500-0.50_7.dat, 0, 10.0117, 194291, 12.5076, 188902, 188902, 0.901253, 52281
data\ORLib\OR30x500-0.50_8.dat, 0, 11.0644, 192583, 12.7229, 188992, 188992, 0.627998, 52827
data\ORLib\OR30x500-0.50_9.dat, 0, 7.81771, 200349, 12.3027, 190601, 190601, 1.4876, 53577
data\ORLib\OR30x500-0.75_1.dat, 0, 8.07359, 277319, 14.1878, 258874, 258874, 3.34726, 52035
data\ORLib\OR30x500-0.75_10.dat, 0, 4.07323, 288329, 12.9924, 261521, 261521, 4.23255, 52652
data\ORLib\OR30x500-0.75_2.dat, 0, 5.61064, 283220, 13.439, 259730, 259730, 4.2828, 51366
data\ORLib\OR30x500-0.75_3.dat, 0, 6.6109, 284918, 14.1515, 261913, 261913, 3.92804, 53039
data\ORLib\OR30x500-0.75_4.dat, 0, 3.77973, 290616, 13.6636, 260763, 260763, 4.19698, 52126
data\ORLib\OR30x500-0.75_5.dat, 0, 6.34463, 285145, 14.728, 259621, 259621, 2.99862, 52260
data\ORLib\OR30x500-0.75_6.dat, 0, 4.57726, 283417, 12.9516, 258544, 258544, 4.01388, 52541
data\ORLib\OR30x500-0.75_7.dat, 0, 5.73799, 285957, 13.408, 262689, 262689, 3.50178, 51037
data\ORLib\OR30x500-0.75_8.dat, 0, 3.95756, 294857, 13.0301, 267004, 267004, 4.36266, 52306
data\ORLib\OR30x500-0.75_9.dat, 0, 4.61941, 289193, 13.0336, 263681, 263681, 4.32579, 52221
data\ORLib\OR5x100-0.25_1.dat, 0, 3.59706, 23504, 10.0719, 21925.4, 21925.4, 2.59598, 6804
data\ORLib\OR5x100-0.25_10.dat, 0, 3.20347, 23629, 8.94078, 22228.5, 22228.5, 2.65784, 6285
data\ORLib\OR5x100-0.25_2.dat, 0, 4.22674, 23248, 10.5467, 21713.9, 21713.9, 2.62558, 6326
data\ORLib\OR5x100-0.25_3.dat, 0, 6.3182, 22063, 11.9349, 20740.2, 20740.2, 2.74683, 6269
data\ORLib\OR5x100-0.25_4.dat, 0, 3.50982, 22708, 8.64097, 21500.4, 21500.4, 2.18237, 6426
data\ORLib\OR5x100-0.25_5.dat, 0, 1.57559, 23613, 9.01741, 21827.6, 21827.6, 2.56623, 6130
data\ORLib\OR5x100-0.25_6.dat, 0, 3.18531, 23829, 10.3165, 22073.8, 22073.8, 2.59395, 5547
data\ORLib\OR5x100-0.25_7.dat, 0, 2.53996, 24941, 11.456, 22659.3, 22659.3, 2.65891, 6233
data\ORLib\OR5x100-0.25_8.dat, 0, 3.90431, 22496, 10.6316, 20921.1, 20921.1, 2.52657, 6175
data\ORLib\OR5x100-0.25_9.dat, 0, 3.68764, 23323, 10.476, 21679.1, 21679.1, 2.79565, 6033
data\ORLib\OR5x100-0.50_1.dat, 0, 3.60409, 41216, 7.0026, 39762.9, 39762.9, 1.68749, 6475
data\ORLib\OR5x100-0.50_10.dat, 0, 2.71356, 43345, 7.79923, 41079.1, 41079.1, 1.8825, 6124
data\ORLib\OR5x100-0.50_2.dat, 0, 2.73593, 41381, 7.08771, 39529.5, 39529.5, 1.37429, 6283
data\ORLib\OR5x100-0.50_3.dat, 0, 3.15478, 40644, 7.00701, 39027.3, 39027.3, 1.35201, 6418
data\ORLib\OR5x100-0.50_4.dat, 0, 1.20869, 44545, 6.55267, 42135.4, 42135.4, 2.30948, 6430
data\ORLib\OR5x100-0.50_5.dat, 0, 4.01961, 40521, 7.7223, 38957.8, 38957.8, 1.45894, 6597
data\ORLib\OR5x100-0.50_6.dat, 0, 3.75288, 41316, 7.90318, 39534.4, 39534.4, 1.47752, 6335
data\ORLib\OR5x100-0.50_7.dat, 0, 2.30903, 41039, 7.79603, 38734, 38734, 1.62049, 6573
data\ORLib\OR5x100-0.50_8.dat, 0, 4.12705, 43162, 7.32156, 41723.8, 41723.8, 1.41116, 5887
data\ORLib\OR5x100-0.50_9.dat, 0, 2.69331, 42271, 7.24508, 40293.7, 40293.7, 1.3518, 6696
data\ORLib\OR5x100-0.75_1.dat, 0, 1.76022, 58769, 4.7219, 56997.3, 56997.3, 1.67367, 6119
data\ORLib\OR5x100-0.75_10.dat, 0, 1.55257, 59034, 5.53351, 56646.8, 56646.8, 1.1558, 6299
data\ORLib\OR5x100-0.75_2.dat, 0, 0.708751, 61641, 5.20938, 58847, 58847, 1.53081, 6495
data\ORLib\OR5x100-0.75_3.dat, 0, 1.73907, 58762, 5.2457, 56665, 56665, 1.33599, 6242
data\ORLib\OR5x100-0.75_4.dat, 0, 2.70011, 58846, 5.34097, 57248.8, 57248.8, 1.04694, 6239
data\ORLib\OR5x100-0.75_5.dat, 0, 2.00193, 59868, 5.67814, 57622.2, 57622.2, 1.4221, 6196
data\ORLib\OR5x100-0.75_6.dat, 0, 2.24393, 57636, 5.14075, 55928.1, 55928.1, 1.53776, 6219
data\ORLib\OR5x100-0.75_7.dat, 0, 0.846631, 61017, 4.65089, 58675.9, 58675.9, 1.4276, 6376
data\ORLib\OR5x100-0.75_8.dat, 0, 0.552666, 61180, 5.13909, 58358.4, 58358.4, 1.52691, 6651
data\ORLib\OR5x100-0.75_9.dat, 0, 1.95953, 58288, 5.20848, 56356.4, 56356.4, 1.31092, 6269
data\ORLib\OR5x250-0.25_1.dat, 0, 10.9034, 52845, 15.9461, 49854, 49854, 2.19027, 19202
data\ORLib\OR5x250-0.25_10.dat, 0, 4.11303, 56534, 15.0235, 50101.3, 50101.3, 2.60244, 19202
data\ORLib\OR5x250-0.25_2.dat, 0, 13.437, 53212, 16.4411, 51365.3, 51365.3, 1.98202, 19870
data\ORLib\OR5x250-0.25_3.dat, 0, 10.2768, 55745, 16.0917, 52132.2, 52132.2, 1.78344, 19787
data\ORLib\OR5x250-0.25_4.dat, 0, 11.7098, 52500, 14.4948, 50843.9, 50843.9, 1.24697, 19312
data\ORLib\OR5x250-0.25_5.dat, 0, 7.60292, 54469, 14.9213, 50154.8, 50154.8, 2.74985, 19302
data\ORLib\OR5x250-0.25_6.dat, 0, 13.2363, 52125, 15.8852, 50533.6, 50533.6, 1.45029, 18672
data\ORLib\OR5x250-0.25_7.dat, 0, 12.7553, 52708, 15.3525, 51138.9, 51138.9, 1.32696, 19376
data\ORLib\OR5x250-0.25_8.dat, 0, 6.74453, 57326, 15.0306, 52232.4, 52232.4, 2.1123, 19045
data\ORLib\OR5x250-0.25_9.dat, 0, 7.14228, 57465, 15.7804, 52119.3, 52119.3, 2.70709, 19018
data\ORLib\OR5x250-0.50_1.dat, 0, 3.88236, 104873, 9.85596, 98355.3, 98355.3, 1.32278, 20255
data\ORLib\OR5x250-0.50_10.dat, 0, 8.63457, 97814, 10.5948, 95715.4, 95715.4, 0.742876, 20588
data\ORLib\OR5x250-0.50_2.dat, 0, 4.24887, 105174, 10.3052, 98521.6, 98521.6, 1.71859, 20414
data\ORLib\OR5x250-0.50_3.dat, 0, 3.95916, 104212, 10.4085, 97213.9, 97213.9, 1.49725, 20836
data\ORLib\OR5x250-0.50_4.dat, 0, 4.77588, 104159, 10.2214, 98202.5, 98202.5, 1.52838, 20660
data\ORLib\OR5x250-0.50_5.dat, 0, 5.50307, 104627, 9.67618, 100007, 100007, 1.15533, 20603
data\ORLib\OR5x250-0.50_6.dat, 0, 4.4823, 105314, 9.96245, 99271.8, 99271.8, 1.45813, 19733
data\ORLib\OR5x250-0.50_7.dat, 0, 6.50587, 101946, 10.2354, 97879.3, 97879.3, 1.25183, 20359
data\ORLib\OR5x250-0.50_8.dat, 0, 3.87374, 104818, 9.51092, 98671.1, 98671.1, 1.72747, 20540
data\ORLib\OR5x250-0.50_9.dat, 0, 6.00977, 103362, 10.146, 98813.3, 98813.3, 1.24086, 20211
data\ORLib\OR5x250-0.75_1.dat, 0, 2.12074, 146491, 7.06716, 139088, 139088, 2.0753, 19578
data\ORLib\OR5x250-0.75_10.dat, 0, 2.11938, 151390, 8.40389, 141670, 141670, 2.28387, 19585
data\ORLib\OR5x250-0.75_2.dat, 0, 3.09534, 151117, 8.27327, 143042, 143042, 1.83217, 19700
data\ORLib\OR5x250-0.75_3.dat, 0, 3.71583, 143785, 7.70561, 137827, 137827, 2.03046, 19658
data\ORLib\OR5x250-0.75_4.dat, 0, 2.00026, 149087, 8.48849, 139216, 139216, 2.0014, 18630
data\ORLib\OR5x250-0.75_5.dat, 0, 2.90782, 145981, 7.75202, 138698, 138698, 2.39184, 19442
data\ORLib\OR5x250-0.75_6.dat, 0, 3.52561, 144755, 8.81038, 136825, 136825, 2.13962, 19276
data\ORLib\OR5x250-0.75_7.dat, 0, 2.72329, 144560, 7.85822, 136929, 136929, 1.85305, 19024
data\ORLib\OR5x250-0.75_8.dat, 0, 1.43342, 147635, 7.97312, 137840, 137840, 2.33496, 19743
data\ORLib\OR5x250-0.75_9.dat, 0, 2.53168, 151149, 8.54251, 141828, 141828, 1.80467, 19407
data\ORLib\OR5x500-0.25_1.dat, 0, 10.3289, 107738, 17.3453, 99308, 99308, 1.73418, 38037
data\ORLib\OR5x500-0.25_10.dat, 0, 10.8593, 107608, 18.0903, 98878.9, 98878.9, 2.013, 38699
data\ORLib\OR5x500-0.25_2.dat, 0, 15.6194, 99467, 17.7312, 96977.7, 96977.7, 0.997437, 37314
data\ORLib\OR5x500-0.25_3.dat, 0, 13.0627, 105308, 17.3777, 100081, 100081, 1.27352, 37254
data\ORLib\OR5x500-0.25_4.dat, 0, 11.56, 106839, 17.8976, 99183, 99183, 1.88907, 37281
data\ORLib\OR5x500-0.25_5.dat, 0, 15.377, 103510, 17.9965, 100306, 100306, 1.38496, 38069
data\ORLib\OR5x500-0.25_6.dat, 0, 10.9044, 108718, 18.5223, 99422.4, 99422.4, 2.14433, 39216
data\ORLib\OR5x500-0.25_7.dat, 0, 14.9765, 101286, 18.3311, 97289.7, 97289.7, 1.22998, 38985
data\ORLib\OR5x500-0.25_8.dat, 0, 10.9084, 107416, 18.485, 98281, 98281, 1.82657, 38173
data\ORLib\OR5x500-0.25_9.dat, 0, 11.4133, 107709, 17.2797, 100576, 100576, 1.61072, 39124
data\ORLib\OR5x500-0.50_1.dat, 0, 9.50519, 197666, 11.4372, 193446, 193446, 0.662588, 58672
data\ORLib\OR5x500-0.50_10.dat, 0, 8.76347, 200464, 11.6001, 194231, 194231, 0.684966, 59028
data\ORLib\OR5x500-0.50_2.dat, 0, 9.26393, 200710, 11.5803, 195586, 195586, 0.812159, 59474
data\ORLib\OR5x500-0.50_3.dat, 0, 8.68798, 198642, 11.8315, 191804, 191804, 0.974781, 59319
data\ORLib\OR5x500-0.50_4.dat, 0, 8.84595, 203784, 11.6, 197627, 197627, 1.02917, 59081
data\ORLib\OR5x500-0.50_5.dat, 0, 6.62751, 204454, 11.6608, 193433, 193433, 1.26647, 59377
data\ORLib\OR5x500-0.50_6.dat, 0, 8.26645, 202300, 11.729, 194664, 194664, 1.00192, 57727
data\ORLib\OR5x500-0.50_7.dat, 0, 7.35946, 203799, 11.7058, 194237, 194237, 1.07869, 58286
data\ORLib\OR5x500-0.50_8.dat, 0, 7.99991, 200758, 11.544, 193024, 193024, 0.933251, 57296
data\ORLib\OR5x500-0.50_9.dat, 0, 10.1352, 194985, 11.9887, 190964, 190964, 0.600575, 57814
data\ORLib\OR5x500-0.75_1.dat, 0, 4.88121, 281388, 14.1257, 254040, 254040, 4.12874, 53178
data\ORLib\OR5x500-0.75_10.dat, 0, 3.42803, 289629, 13.6427, 258994, 258994, 3.97039, 53642
data\ORLib\OR5x500-0.75_2.dat, 0, 7.173, 285987, 13.8725, 265347, 265347, 3.24377, 52843
data\ORLib\OR5x500-0.75_3.dat, 0, 2.66281, 291813, 14.8691, 255219, 255219, 4.12884, 54233
data\ORLib\OR5x500-0.75_4.dat, 0, 7.66869, 282977, 14.8338, 261017, 261017, 3.21563, 53183
data\ORLib\OR5x500-0.75_5.dat, 0, 4.23584, 287620, 14.0694, 258086, 258086, 4.54933, 55461
data\ORLib\OR5x500-0.75_6.dat, 0, 7.04132, 281266, 13.9247, 260439, 260439, 3.74638, 54432
data\ORLib\OR5x500-0.75_7.dat, 0, 6.2126, 282618, 13.9651, 259257, 259257, 3.82549, 52511
data\ORLib\OR5x500-0.75_8.dat, 0, 5.98883, 288101, 13.1307, 266215, 266215, 3.86477, 53877
data\ORLib\OR5x500-0.75_9.dat, 0, 3.91047, 290986, 12.4299, 265187, 265187, 4.20129, 53870
