c1, c2, w, penalty, epochs
0.601321,1.7986,1,329.594,600
intacia, melhor_gap, melhor_fit, gap_medio, fit_medio, fobj_medio, dp, tempo(ms)
data\OR10x100-0.25_1.dat, 9.8812, 20785, 20.2736, 18388.1, 18388.1, 3.26782, 7949
data\OR10x100-0.25_10.dat, 4.33001, 21719, 18.2664, 18555.2, 18555.2, 5.91728, 7589
data\OR10x100-0.25_2.dat, 9.63116, 20605, 19.8554, 18273.8, 18273.8, 3.93053, 7821
data\OR10x100-0.25_3.dat, 10.9394, 19710, 18.5971, 18015.3, 18015.3, 4.21054, 8078
data\OR10x100-0.25_4.dat, 4.85684, 21666, 17.0052, 18899.6, 18899.6, 3.78594, 7636
data\OR10x100-0.25_5.dat, 6.2283, 21334, 19.8211, 18241.5, 18241.5, 4.40838, 7892
data\OR10x100-0.25_6.dat, 6.9939, 21184, 18.0354, 18669.1, 18669.1, 4.65437, 8125
data\OR10x100-0.25_7.dat, 13.536, 18914, 21.4674, 17179, 17179, 3.16166, 8128
data\OR10x100-0.25_8.dat, 10.2099, 20324, 18.1324, 18530.7, 18530.7, 3.60574, 7843
data\OR10x100-0.25_9.dat, 10.0884, 20240, 19.9113, 18028.8, 18028.8, 4.6489, 7621
data\OR10x100-0.50_1.dat, 3.48834, 39951, 8.77272, 37763.5, 37763.5, 1.49604, 8441
data\OR10x100-0.50_10.dat, 4.21773, 39469, 8.97145, 37510.1, 37510.1, 1.12362, 8708
data\OR10x100-0.50_2.dat, 3.04175, 41056, 8.28036, 38837.8, 38837.8, 1.90628, 8183
data\OR10x100-0.50_3.dat, 3.93859, 40731, 9.05615, 38561.1, 38561.1, 1.21262, 8627
data\OR10x100-0.50_4.dat, 4.19078, 43712, 9.17974, 41435.8, 41435.8, 1.06177, 8717
data\OR10x100-0.50_5.dat, 2.90803, 40666, 8.95099, 38135, 38135, 1.53585, 8484
data\OR10x100-0.50_6.dat, 5.17037, 40772, 9.2065, 39036.7, 39036.7, 1.22521, 8579
data\OR10x100-0.50_7.dat, 2.96048, 42284, 8.91518, 39689.3, 39689.3, 1.9028, 8524
data\OR10x100-0.50_8.dat, 8.02653, 39521, 9.87224, 38727.9, 38727.9, 0.8123, 8594
data\OR10x100-0.50_9.dat, 7.81294, 38914, 9.41265, 38238.7, 38238.7, 0.614787, 8661
data\OR10x100-0.75_1.dat, 1.5634, 56478, 6.89516, 53418.9, 53418.9, 2.00315, 8088
data\OR10x100-0.75_10.dat, 1.63607, 59641, 7.28734, 56214.5, 56214.5, 1.43116, 8322
data\OR10x100-0.75_2.dat, 1.56499, 58055, 6.54233, 55119.5, 55119.5, 1.38068, 8282
data\OR10x100-0.75_3.dat, 4.84321, 55563, 7.04201, 54279.1, 54279.1, 0.72983, 8716
data\OR10x100-0.75_4.dat, 1.4282, 61081, 6.8161, 57742.3, 57742.3, 1.28931, 8250
data\OR10x100-0.75_5.dat, 3.45049, 58705, 6.88694, 56615.5, 56615.5, 1.59227, 8096
data\OR10x100-0.75_6.dat, 2.23644, 60063, 6.84034, 57234.5, 57234.5, 1.32023, 7941
data\OR10x100-0.75_7.dat, 2.22254, 55124, 6.56503, 52675.8, 52675.8, 1.31227, 8583
data\OR10x100-0.75_8.dat, 3.11158, 57543, 6.91042, 55286.8, 55286.8, 1.42644, 7380
data\OR10x100-0.75_9.dat, 3.66083, 58001, 7.21208, 55863, 55863, 1.35902, 8138
data\OR10x250-0.25_1.dat, 7.14853, 54956, 21.21, -1.99916e+07, 46633.4, 4.66194, 22305
data\OR10x250-0.25_10.dat, 19.2947, 47784, 23.7732, -1.53265e+07, 45132.4, 3.35311, 22674
data\OR10x250-0.25_2.dat, 10.9865, 52323, 22.7268, -1.38107e+07, 45422, 4.1401, 22986
data\OR10x250-0.25_3.dat, 8.07787, 53404, 23.0718, -1.30565e+07, 44693, 5.34451, 22650
data\OR10x250-0.25_4.dat, 10.5475, 54566, 22.5587, -1.44787e+07, 47239.2, 5.15568, 23797
data\OR10x250-0.25_5.dat, 13.5819, 50202, 21.4497, -1.5438e+07, 45631.5, 3.39627, 23307
data\OR10x250-0.25_6.dat, 16.2332, 49275, 22.6364, -8.52651e+06, 45508.4, 3.28042, 22537
data\OR10x250-0.25_7.dat, 4.65726, 55970, 21.0848, -1.69026e+07, 46326.4, 6.01121, 22399
data\OR10x250-0.25_8.dat, 9.83949, 53137, 21.1958, -1.77122e+07, 46444, 4.36837, 22551
data\OR10x250-0.25_9.dat, 3.87459, 57086, 22.7084, -1.82738e+07, 45901.1, 5.6493, 22709
data\OR10x250-0.50_1.dat, 7.22458, 102900, 11.0222, 98687.9, 98687.9, 0.969173, 24210
data\OR10x250-0.50_10.dat, 9.54433, 96537, 11.9397, 93980.6, 93980.6, 0.849346, 22130
data\OR10x250-0.50_2.dat, 8.87074, 99073, 11.4452, 96274.1, 96274.1, 0.920073, 22111
data\OR10x250-0.50_3.dat, 6.33882, 102027, 11.4472, 96462.4, 96462.4, 1.47147, 23694
data\OR10x250-0.50_4.dat, 7.54501, 101780, 11.4365, 97496, 97496, 0.881772, 23903
data\OR10x250-0.50_5.dat, 8.7708, 98970, 11.2296, 96302.6, 96302.6, 0.662907, 24061
data\OR10x250-0.50_6.dat, 8.95304, 100921, 11.5114, 98085.2, 98085.2, 0.723507, 23909
data\OR10x250-0.50_7.dat, 2.16258, 103783, 11.7849, 93575.9, 93575.9, 1.82227, 23615
data\OR10x250-0.50_8.dat, 10.5243, 95458, 11.9519, 93935, 93935, 0.486285, 23797
data\OR10x250-0.50_9.dat, 2.43014, 107160, 11.3773, 97333.5, 97333.5, 1.79411, 23086
data\OR10x250-0.75_1.dat, 7.56016, 140332, 13.3598, 131528, 131528, 1.80629, 23137
data\OR10x250-0.75_10.dat, 3.11081, 145047, 11.8032, 132034, 132034, 3.44671, 22558
data\OR10x250-0.75_2.dat, 6.55298, 139023, 12.6577, 129941, 129941, 2.5598, 22750
data\OR10x250-0.75_3.dat, 8.27403, 139340, 13.3933, 131563, 131563, 2.02291, 22013
data\OR10x250-0.75_4.dat, 4.17383, 145008, 13.1387, 131442, 131442, 2.72296, 23061
data\OR10x250-0.75_5.dat, 4.57931, 145007, 11.7718, 134077, 134077, 2.96014, 22487
data\OR10x250-0.75_6.dat, 6.77803, 141799, 13.169, 132078, 132078, 2.46308, 21839
data\OR10x250-0.75_7.dat, 1.21334, 151273, 12.229, 134405, 134405, 3.75137, 22592
data\OR10x250-0.75_8.dat, 6.90919, 142967, 12.8038, 133914, 133914, 2.2204, 23356
data\OR10x250-0.75_9.dat, 3.60351, 143785, 12.2086, 130950, 130950, 3.38261, 23142
data\OR10x500-0.25_1.dat, 5.91151, 110856, 12.9028, -1.72753e+08, 102619, 5.10448, 40943
data\OR10x500-0.25_10.dat, 5.1421, 113119, 12.2728, -1.90561e+08, 104616, 5.07893, 41206
data\OR10x500-0.25_2.dat, 4.23484, 114199, 14.0295, -1.65087e+08, 102519, 6.27139, 43544
data\OR10x500-0.25_3.dat, 6.15946, 111872, 14.1099, -1.65022e+08, 102394, 5.28581, 43227
data\OR10x500-0.25_4.dat, 4.4543, 113536, 13.5262, -1.66182e+08, 102756, 6.05825, 43197
data\OR10x500-0.25_5.dat, 4.64859, 111113, 14.1649, -1.64014e+08, 100024, 4.97351, 43758
data\OR10x500-0.25_6.dat, 4.76971, 113804, 16.3935, -1.54085e+08, 99913.1, 5.73609, 42729
data\OR10x500-0.25_7.dat, 8.66499, 109444, 16.1787, -1.53837e+08, 100441, 5.57805, 41584
data\OR10x500-0.25_8.dat, 2.62371, 115239, 13.0978, -1.909e+08, 102844, 5.58762, 42230
data\OR10x500-0.25_9.dat, 4.01647, 113083, 14.9989, -1.42281e+08, 100144, 6.66737, 43325
data\OR10x500-0.50_1.dat, 11.4736, 192436, 12.2134, 190828, 190828, 0.389386, 44926
data\OR10x500-0.50_10.dat, 5.21053, 209389, 11.9341, 194537, 194537, 1.48635, 45376
data\OR10x500-0.50_2.dat, 7.03406, 203667, 12.5927, 191489, 191489, 1.16658, 46799
data\OR10x500-0.50_3.dat, 9.66871, 196784, 12.7147, 190148, 190148, 0.746029, 45920
data\OR10x500-0.50_4.dat, 8.88006, 197610, 12.8282, 189048, 189048, 0.947423, 45073
data\OR10x500-0.50_5.dat, 9.64825, 193238, 12.27, 187631, 187631, 0.667729, 45759
data\OR10x500-0.50_6.dat, 11.9515, 189380, 13.0546, 187007, 187007, 0.367186, 45936
data\OR10x500-0.50_7.dat, 8.40965, 199612, 12.6797, 190306, 190306, 0.866174, 46684
data\OR10x500-0.50_8.dat, 9.40725, 199295, 12.4041, 192702, 192702, 0.766931, 46800
data\OR10x500-0.50_9.dat, 10.8148, 191197, 12.7188, 187115, 187115, 0.520453, 45888
data\OR10x500-0.75_1.dat, 7.16752, 282570, 19.8872, 243853, 243853, 2.95485, 44583
data\OR10x500-0.75_10.dat, 2.53575, 299302, 18.225, 251122, 251122, 5.33007, 43462
data\OR10x500-0.75_2.dat, 10.509, 270602, 20.3192, 240938, 240938, 2.4774, 44149
data\OR10x500-0.75_3.dat, 5.32344, 286318, 19.0991, 244658, 244658, 3.64553, 45312
data\OR10x500-0.75_4.dat, 5.97272, 282819, 18.4038, 245428, 245428, 4.57748, 41794
data\OR10x500-0.75_5.dat, 7.28906, 282188, 19.2482, 245788, 245788, 3.74166, 44091
data\OR10x500-0.75_6.dat, 6.2746, 282897, 19.4626, 243091, 243091, 3.21742, 41466
data\OR10x500-0.75_7.dat, 9.31852, 276535, 19.6667, 244978, 244978, 3.45069, 45799
data\OR10x500-0.75_8.dat, 2.50946, 289038, 18.2244, 242447, 242447, 4.25835, 44675
data\OR10x500-0.75_9.dat, 4.83311, 286794, 19.5521, 242437, 242437, 3.66981, 42601
data\OR30x100-0.25_1.dat, 14.44, 18777, 22.8986, 16920.7, 16920.7, 4.14805, 9891
data\OR30x100-0.25_10.dat, 5.75704, 19775, 21.3352, 16506.2, 16506.2, 6.76326, 10482
data\OR30x100-0.25_2.dat, 4.27335, 20788, 19.8049, 17415.2, 17415.2, 6.1301, 10528
data\OR30x100-0.25_3.dat, 3.92214, 19940, 19.9576, 16612, 16612, 6.36301, 10506
data\OR30x100-0.25_4.dat, 14.0654, 18445, 21.7426, 16797.2, 16797.2, 3.03003, 10269
data\OR30x100-0.25_5.dat, 3.32357, 21118, 19.9579, 17484.4, 17484.4, 5.33491, 10167
data\OR30x100-0.25_6.dat, 3.61201, 21375, 19.315, 17892.7, 17892.7, 5.48966, 10539
data\OR30x100-0.25_7.dat, 10.5372, 19502, 19.9118, 17458.4, 17458.4, 3.70189, 11108
data\OR30x100-0.25_8.dat, 12.9084, 18635, 21.274, 16845, 16845, 3.72837, 10059
data\OR30x100-0.25_9.dat, 3.10766, 21825, 18.2249, 18419.8, 18419.8, 4.81039, 10220
data\OR30x100-0.50_1.dat, 4.69743, 38852, 9.29355, 36978.3, 36978.3, 1.26894, 10953
data\OR30x100-0.50_10.dat, 1.89209, 40911, 10.2142, 37440.7, 37440.7, 2.24805, 11265
data\OR30x100-0.50_2.dat, 3.01879, 40061, 9.12325, 37539.4, 37539.4, 1.54108, 10307
data\OR30x100-0.50_3.dat, 6.28153, 39015, 9.7047, 37589.9, 37589.9, 1.01413, 10906
data\OR30x100-0.50_4.dat, 7.69718, 37882, 10.4188, 36765, 36765, 0.857909, 11206
data\OR30x100-0.50_5.dat, 7.53014, 37810, 9.28473, 37092.6, 37092.6, 0.806415, 11450
data\OR30x100-0.50_6.dat, 2.90565, 39865, 9.48853, 37162.2, 37162.2, 1.98432, 10792
data\OR30x100-0.50_7.dat, 4.55652, 39191, 9.65954, 37095.6, 37095.6, 1.11559, 11066
data\OR30x100-0.50_8.dat, 8.72445, 38992, 10.5458, 38213.9, 38213.9, 0.644365, 11577
data\OR30x100-0.50_9.dat, 0.968506, 41821, 9.61576, 38169.3, 38169.3, 1.7643, 11011
data\OR30x100-0.75_1.dat, 1.66104, 56539, 7.01859, 53458.7, 53458.7, 1.34992, 10298
data\OR30x100-0.75_10.dat, 1.09071, 59942, 6.13847, 56882.9, 56882.9, 1.54007, 9775
data\OR30x100-0.75_2.dat, 0.658037, 59632, 6.13851, 56342.2, 56342.2, 2.03848, 10084
data\OR30x100-0.75_3.dat, 5.68628, 54751, 7.13257, 53911.4, 53911.4, 0.690593, 10356
data\OR30x100-0.75_4.dat, 3.21838, 58820, 7.21754, 56389.5, 56389.5, 1.17843, 10913
data\OR30x100-0.75_5.dat, 3.24536, 56973, 7.46479, 54488.4, 54488.4, 1.36553, 10534
data\OR30x100-0.75_6.dat, 1.88632, 58879, 6.38183, 56181.2, 56181.2, 1.71182, 9759
data\OR30x100-0.75_7.dat, 0.932361, 57590, 7.03055, 54045, 54045, 1.6499, 10836
data\OR30x100-0.75_8.dat, 1.90471, 57939, 7.07555, 54884.9, 54884.9, 1.41228, 10413
data\OR30x100-0.75_9.dat, 4.234, 56478, 7.24307, 54703.4, 54703.4, 0.993038, 10564
data\OR30x250-0.25_1.dat, 15.9548, 47773, 22.5407, -6.5621e+07, 44029.4, 3.48448, 27488
data\OR30x250-0.25_10.dat, 10.6436, 50439, 19.7712, -1.03182e+08, 45286.7, 5.044, 27539
data\OR30x250-0.25_2.dat, 15.1504, 49654, 21.2901, -5.29949e+07, 46061, 3.87714, 28469
data\OR30x250-0.25_3.dat, 9.55771, 51203, 21.2807, -7.05227e+07, 44566.1, 4.6406, 27051
data\OR30x250-0.25_4.dat, 15.7527, 47962, 20.9244, -4.77697e+07, 45017.7, 3.11685, 26955
data\OR30x250-0.25_5.dat, 8.757, 51670, 21.6901, -5.28732e+07, 44346.1, 5.67212, 27433
data\OR30x250-0.25_6.dat, 12.4604, 50077, 22.7664, -5.71712e+07, 44181.5, 4.61598, 28417
data\OR30x250-0.25_7.dat, 12.5468, 49286, 21.0338, -7.34177e+07, 44503, 4.41165, 27584
data\OR30x250-0.25_8.dat, 11.0704, 50207, 21.1986, -7.16207e+07, 44488.9, 4.0417, 27245
data\OR30x250-0.25_9.dat, 5.87396, 54098, 20.8349, -6.59841e+07, 45499.4, 5.72755, 27379
data\OR30x250-0.50_1.dat, 10.5586, 96391, 12.2125, 94608.6, 94608.6, 0.687286, 29375
data\OR30x250-0.50_10.dat, 11.003, 94141, 12.4211, 92641, 92641, 0.51287, 29507
data\OR30x250-0.50_2.dat, 3.62665, 104461, 12.0241, 95358.8, 95358.8, 1.99108, 28609
data\OR30x250-0.50_3.dat, 7.08179, 98904, 11.4, 94307.6, 94307.6, 1.16534, 28634
data\OR30x250-0.50_4.dat, 4.82896, 101715, 11.5848, 94494.7, 94494.7, 1.7162, 28108
data\OR30x250-0.50_5.dat, 7.20949, 99670, 12.0318, 94490.2, 94490.2, 1.29915, 30398
data\OR30x250-0.50_6.dat, 7.85021, 98850, 11.4226, 95017.8, 95017.8, 0.811502, 30053
data\OR30x250-0.50_7.dat, 2.7385, 103459, 11.4628, 94178.8, 94178.8, 2.46996, 28819
data\OR30x250-0.50_8.dat, 10.4401, 93171, 12.3646, 91168.9, 91168.9, 0.718656, 28684
data\OR30x250-0.50_9.dat, 5.69645, 100769, 11.6738, 94381.8, 94381.8, 1.46944, 29553
data\OR30x250-0.75_1.dat, 2.15499, 146927, 11.9098, 132279, 132279, 2.95395, 27903
data\OR30x250-0.75_10.dat, 5.9024, 140834, 12.4329, 131060, 131060, 2.3188, 28098
data\OR30x250-0.75_2.dat, 7.146, 139242, 12.8107, 130747, 130747, 2.23593, 28045
data\OR30x250-0.75_3.dat, 4.90827, 145497, 12.6885, 133593, 133593, 2.34958, 27527
data\OR30x250-0.75_4.dat, 1.69414, 150638, 11.8497, 135076, 135076, 3.3783, 27423
data\OR30x250-0.75_5.dat, 5.35442, 142240, 12.5713, 131394, 131394, 2.54676, 27509
data\OR30x250-0.75_6.dat, 7.90515, 136829, 12.9994, 129260, 129260, 1.61947, 28806
data\OR30x250-0.75_7.dat, 2.51632, 143766, 11.9562, 129844, 129844, 2.7819, 29186
data\OR30x250-0.75_8.dat, 7.41472, 141574, 11.9469, 134644, 134644, 2.32579, 27846
data\OR30x250-0.75_9.dat, 5.50779, 141332, 12.0655, 131524, 131524, 2.31108, 27356
data\OR30x500-0.25_1.dat, 3.58361, 111897, 12.5798, -4.93046e+08, 101456, 6.23921, 54997
data\OR30x500-0.25_10.dat, 5.16411, 111068, 13.5139, -5.00639e+08, 101289, 7.26886, 53334
data\OR30x500-0.25_2.dat, 4.06236, 110146, 12.0311, -5.63009e+08, 100997, 5.76091, 53487
data\OR30x500-0.25_3.dat, 1.64809, 114817, 10.8889, -5.32733e+08, 104029, 6.65957, 52177
data\OR30x500-0.25_4.dat, 4.18278, 110529, 12.0896, -4.85637e+08, 101408, 6.04274, 54372
data\OR30x500-0.25_5.dat, 1.98756, 114209, 11.6788, -5.2892e+08, 102916, 6.75514, 53555
data\OR30x500-0.25_6.dat, 2.09952, 113311, 11.8905, -5.38146e+08, 101979, 5.94792, 54904
data\OR30x500-0.25_7.dat, 1.49324, 112476, 12.8357, -4.89658e+08, 99525, 6.32233, 54203
data\OR30x500-0.25_8.dat, 2.76042, 111245, 11.2056, -5.77327e+08, 101583, 5.08638, 52648
data\OR30x500-0.25_9.dat, 2.2206, 112856, 15.5718, -4.00585e+08, 97446.2, 7.18171, 53648
data\OR30x500-0.50_1.dat, 12.4482, 190954, 13.5064, 188646, 188646, 0.350157, 59825
data\OR30x500-0.50_10.dat, 7.08721, 199520, 12.815, 187220, 187220, 1.23729, 57771
data\OR30x500-0.50_2.dat, 11.6204, 189705, 12.8792, 187003, 187003, 0.485327, 59395
data\OR30x500-0.50_3.dat, 10.8729, 192495, 13.3448, 187156, 187156, 0.780002, 56556
data\OR30x500-0.50_4.dat, 12.0687, 191611, 13.2692, 188995, 188995, 0.384216, 59565
data\OR30x500-0.50_5.dat, 12.4119, 188918, 13.4934, 186585, 186585, 0.358976, 60322
data\OR30x500-0.50_6.dat, 12.18, 189620, 12.9606, 187935, 187935, 0.330222, 58423
data\OR30x500-0.50_7.dat, 9.32809, 195767, 13.2143, 187376, 187376, 0.836188, 58570
data\OR30x500-0.50_8.dat, 11.4532, 191741, 13.2473, 187856, 187856, 0.513699, 59491
data\OR30x500-0.50_9.dat, 11.5869, 192157, 13.197, 188658, 188658, 0.537983, 59312
data\OR30x500-0.75_1.dat, 3.50377, 291105, 18.9844, 244404, 244404, 4.4749, 58294
data\OR30x500-0.75_10.dat, 9.34285, 272490, 19.6184, 241605, 241605, 3.17071, 56445
data\OR30x500-0.75_2.dat, 11.8758, 264421, 19.3494, 241996, 241996, 2.47181, 56721
data\OR30x500-0.75_3.dat, 16.0439, 256139, 20.5817, 242295, 242295, 1.58156, 56123
data\OR30x500-0.75_4.dat, 2.89208, 293297, 19.8895, 241959, 241959, 3.95987, 56554
data\OR30x500-0.75_5.dat, 4.8121, 289811, 18.6441, 247698, 247698, 4.8124, 57999
data\OR30x500-0.75_6.dat, 2.77699, 288764, 19.2743, 239765, 239765, 4.51395, 56758
data\OR30x500-0.75_7.dat, 5.65295, 286215, 18.8284, 246245, 246245, 4.37811, 58490
data\OR30x500-0.75_8.dat, 11.2248, 272546, 20.1348, 245192, 245192, 2.29186, 56483
data\OR30x500-0.75_9.dat, 8.8935, 276234, 19.9115, 242827, 242827, 2.76794, 58406
data\OR5x100-0.25_1.dat, 4.37226, 23315, 17.3786, 20143.9, 20143.9, 4.52807, 6923
data\OR5x100-0.25_10.dat, 9.91356, 21991, 17.1902, 20214.7, 20214.7, 3.5359, 7073
data\OR5x100-0.25_2.dat, 12.1818, 21317, 18.5208, 19778.3, 19778.3, 3.11653, 6925
data\OR5x100-0.25_3.dat, 2.83215, 22884, 20.1888, 18796.3, 18796.3, 4.98846, 6949
data\OR5x100-0.25_4.dat, 5.81712, 22165, 14.8967, 20028.2, 20028.2, 3.67468, 7140
data\OR5x100-0.25_5.dat, 7.04014, 22302, 17.682, 19748.9, 19748.9, 4.32442, 7094
data\OR5x100-0.25_6.dat, 10.0882, 22130, 18.5784, 20040.3, 20040.3, 3.2031, 6995
data\OR5x100-0.25_7.dat, 3.43089, 24713, 17.9131, 21006.9, 21006.9, 4.37483, 6951
data\OR5x100-0.25_8.dat, 8.129, 21507, 17.484, 19317, 19317, 3.23159, 7129
data\OR5x100-0.25_9.dat, 3.88173, 23276, 17.0628, 20084.1, 20084.1, 4.93812, 6952
data\OR5x100-0.50_1.dat, 5.26464, 40506, 8.53318, 39108.5, 39108.5, 0.975248, 7682
data\OR5x100-0.50_10.dat, 4.68869, 42465, 8.73883, 40660.5, 40660.5, 1.2512, 7654
data\OR5x100-0.50_2.dat, 3.77953, 40937, 8.35946, 38988.5, 38988.5, 1.50104, 7729
data\OR5x100-0.50_3.dat, 4.82034, 39945, 7.71119, 38731.8, 38731.8, 0.940994, 7424
data\OR5x100-0.50_4.dat, 5.93702, 42413, 8.94559, 41056.4, 41056.4, 0.953761, 7571
data\OR5x100-0.50_5.dat, 1.23407, 41697, 8.42753, 38660.1, 38660.1, 1.62608, 7552
data\OR5x100-0.50_6.dat, 2.81874, 41717, 9.22023, 38969, 38969, 1.40132, 7809
data\OR5x100-0.50_7.dat, 5.67497, 39625, 9.18906, 38148.8, 38148.8, 0.971087, 7501
data\OR5x100-0.50_8.dat, 5.02888, 42756, 8.74537, 41082.8, 41082.8, 1.10576, 7613
data\OR5x100-0.50_9.dat, 4.14125, 41642, 8.10686, 39919.3, 39919.3, 1.24494, 7353
data\OR5x100-0.75_1.dat, 5.03159, 56812, 7.29135, 55460.2, 55460.2, 0.86401, 7429
data\OR5x100-0.75_10.dat, 1.35746, 59151, 6.72398, 55933, 55933, 1.52458, 7369
data\OR5x100-0.75_2.dat, 1.37884, 61225, 6.45157, 58075.8, 58075.8, 1.45299, 7130
data\OR5x100-0.75_3.dat, 4.30086, 57230, 7.09374, 55559.8, 55559.8, 1.05809, 7298
data\OR5x100-0.75_4.dat, 3.50039, 58362, 7.06372, 56206.9, 56206.9, 0.913565, 7361
data\OR5x100-0.75_5.dat, 1.71875, 60041, 7.07393, 56769.5, 56769.5, 1.76814, 7390
data\OR5x100-0.75_6.dat, 0.927763, 58412, 6.753, 54977.5, 54977.5, 1.62026, 7301
data\OR5x100-0.75_7.dat, 1.85251, 60398, 6.52399, 57523.3, 57523.3, 1.23451, 7438
data\OR5x100-0.75_8.dat, 3.1632, 59574, 6.85533, 57302.6, 57302.6, 1.2356, 7317
data\OR5x100-0.75_9.dat, 2.09577, 58207, 6.89491, 55353.8, 55353.8, 1.45078, 7294
data\OR5x250-0.25_1.dat, 17.1146, 49161, 24.2441, -6.73066e+06, 44932.4, 4.70172, 21603
data\OR5x250-0.25_10.dat, 10.1002, 53004, 21.2175, -4.35621e+06, 46449.4, 3.61362, 21590
data\OR5x250-0.25_2.dat, 6.07431, 57738, 23.3212, -6.73278e+06, 47136, 5.06732, 21317
data\OR5x250-0.25_3.dat, 11.5371, 54962, 22.5103, -6.03729e+06, 48144.3, 4.76206, 21583
data\OR5x250-0.25_4.dat, 8.10756, 54642, 20.7849, -6.62686e+06, 47103.7, 4.09543, 21322
data\OR5x250-0.25_5.dat, 2.41217, 57529, 21.369, -5.47844e+06, 46353.7, 4.6582, 21324
data\OR5x250-0.25_6.dat, 13.0516, 52236, 22.8289, -5.51443e+06, 46362.1, 2.9644, 21716
data\OR5x250-0.25_7.dat, 6.81796, 56295, 21.1401, -7.86483e+06, 47642.4, 4.26915, 21542
data\OR5x250-0.25_8.dat, 14.7482, 52406, 22.0757, -1.03769e+07, 47901.6, 3.92661, 21572
data\OR5x250-0.25_9.dat, 18.2144, 50613, 22.8387, -8.60532e+06, 47751.3, 2.60397, 21500
data\OR5x250-0.50_1.dat, 5.50184, 103106, 10.2504, 97924.9, 97924.9, 1.34158, 21690
data\OR5x250-0.50_10.dat, 6.51703, 100081, 10.6356, 95671.7, 95671.7, 1.12793, 21738
data\OR5x250-0.50_2.dat, 8.42035, 100592, 11.4811, 97230, 97230, 0.845752, 21882
data\OR5x250-0.50_3.dat, 3.67438, 104521, 10.94, 96637.2, 96637.2, 1.69664, 21842
data\OR5x250-0.50_4.dat, 8.96849, 99573, 11.0054, 97345, 97345, 0.86593, 20869
data\OR5x250-0.50_5.dat, 9.24043, 100489, 10.5442, 99045.5, 99045.5, 0.517791, 21671
data\OR5x250-0.50_6.dat, 7.22591, 102289, 10.4366, 98749.1, 98749.1, 0.93898, 21649
data\OR5x250-0.50_7.dat, 2.72285, 106071, 10.9975, 97048.4, 97048.4, 1.62861, 21836
data\OR5x250-0.50_8.dat, 2.58616, 106222, 10.0481, 98085.3, 98085.3, 1.60583, 21387
data\OR5x250-0.50_9.dat, 5.87428, 103511, 10.8559, 98032.7, 98032.7, 1.04747, 21990
data\OR5x250-0.75_1.dat, 2.8791, 145356, 11.9008, 131854, 131854, 3.44811, 20430
data\OR5x250-0.75_10.dat, 6.39046, 144784, 13.3083, 134084, 134084, 2.30687, 21552
data\OR5x250-0.75_2.dat, 6.85695, 145251, 14.0674, 134007, 134007, 2.14768, 21395
data\OR5x250-0.75_3.dat, 1.2395, 147483, 12.1435, 131200, 131200, 3.91756, 21425
data\OR5x250-0.75_4.dat, 3.22027, 147231, 12.7712, 132701, 132701, 2.86772, 20397
data\OR5x250-0.75_5.dat, 3.20911, 145528, 12.1507, 132084, 132084, 3.02129, 21485
data\OR5x250-0.75_6.dat, 8.83468, 136789, 14.04, 128979, 128979, 2.05166, 20377
data\OR5x250-0.75_7.dat, 2.92786, 144256, 13.2649, 128895, 128895, 2.81112, 21562
data\OR5x250-0.75_8.dat, 5.92127, 140913, 12.4106, 131193, 131193, 2.82127, 21438
data\OR5x250-0.75_9.dat, 3.71498, 149314, 13.3851, 134318, 134318, 2.80524, 21296
data\OR5x500-0.25_1.dat, 7.00469, 111732, 15.4843, -8.42345e+07, 101544, 5.09119, 41521
data\OR5x500-0.25_10.dat, 9.26299, 109535, 16.7149, -8.67152e+07, 100539, 4.63302, 42382
data\OR5x500-0.25_2.dat, 9.02621, 107239, 16.0877, -7.9144e+07, 98914.9, 4.53604, 40970
data\OR5x500-0.25_3.dat, 8.15976, 111247, 15.7984, -7.96189e+07, 101994, 4.82106, 41848
data\OR5x500-0.25_4.dat, 9.05847, 109861, 15.726, -8.00714e+07, 101806, 4.49427, 41460
data\OR5x500-0.25_5.dat, 9.50793, 110689, 16.2866, -7.42772e+07, 102397, 4.81499, 41653
data\OR5x500-0.25_6.dat, 8.55078, 111590, 17.9458, -8.4193e+07, 100126, 5.19906, 41394
data\OR5x500-0.25_7.dat, 3.97811, 114388, 15.7131, -8.37109e+07, 100408, 5.35009, 41253
data\OR5x500-0.25_8.dat, 8.07511, 110832, 16.9124, -7.85893e+07, 100177, 5.88981, 41755
data\OR5x500-0.25_9.dat, 7.55926, 112395, 15.241, -8.21045e+07, 103055, 5.05041, 40988
data\OR5x500-0.50_1.dat, 9.80048, 197021, 11.919, 192394, 192394, 0.589879, 44747
data\OR5x500-0.50_10.dat, 9.52808, 198784, 11.9937, 193367, 193367, 0.659868, 44740
data\OR5x500-0.50_2.dat, 7.39686, 204840, 11.7566, 195196, 195196, 1.0562, 42614
data\OR5x500-0.50_3.dat, 11.8051, 191861, 12.5, 190349, 190349, 0.327906, 45268
data\OR5x500-0.50_4.dat, 9.17025, 203059, 12.0323, 196661, 196661, 0.912601, 45121
data\OR5x500-0.50_5.dat, 10.013, 197041, 12.4736, 191653, 191653, 0.57934, 44812
data\OR5x500-0.50_6.dat, 5.59289, 208196, 12.3874, 193212, 193212, 1.31504, 45045
data\OR5x500-0.50_7.dat, 10.7828, 196268, 12.6274, 192210, 192210, 0.450046, 45109
data\OR5x500-0.50_8.dat, 6.555, 203911, 11.9107, 192224, 192224, 1.2375, 44826
data\OR5x500-0.50_9.dat, 4.81067, 206538, 11.924, 191104, 191104, 1.54354, 44905
data\OR5x500-0.75_1.dat, 13.3456, 256348, 19.8609, 237074, 237074, 2.41189, 42451
data\OR5x500-0.75_10.dat, 6.10783, 281592, 19.4338, 241626, 241626, 3.87802, 44181
data\OR5x500-0.75_2.dat, 2.01178, 301888, 19.5746, 247779, 247779, 4.12933, 42725
data\OR5x500-0.75_3.dat, 7.7883, 276447, 19.7911, 240463, 240463, 3.32098, 44959
data\OR5x500-0.75_4.dat, 6.50026, 286558, 18.9256, 248477, 248477, 4.3335, 44552
data\OR5x500-0.75_5.dat, 7.17782, 278784, 19.1499, 242827, 242827, 4.30619, 42563
data\OR5x500-0.75_6.dat, 14.4664, 258800, 20.5184, 240488, 240488, 2.19187, 42541
data\OR5x500-0.75_7.dat, 4.89515, 286588, 19.1589, 243606, 243606, 4.43865, 42025
data\OR5x500-0.75_8.dat, 12.6926, 267557, 20.7027, 243010, 243010, 2.08036, 45036
data\OR5x500-0.75_9.dat, 5.93802, 284846, 19.4777, 243844, 243844, 4.07986, 42803
