Sem restricao da velocidade, w dinamico. penalidade NAo dinamica.

c1, c2, w, penalty, epochs
0.601321,1.7986,1,329.594,600
intacia, melhor_gap, melhor_fit, gap_medio, fit_medio, fobj_medio, dp, tempo(ms)
data\OR10x100-0.25_1.dat, 4.77801, 21962, 10.3339, 20680.6, 20680.6, 2.51874, 8253
data\OR10x100-0.25_10.dat, 4.68681, 21638, 10.7422, 20263.3, 20263.3, 2.573, 8558
data\OR10x100-0.25_2.dat, 5.99535, 21434, 11.8169, 20106.6, 20106.6, 2.3106, 8482
data\OR10x100-0.25_3.dat, 6.19945, 20759, 11.2137, 19649.3, 19649.3, 2.65218, 8253
data\OR10x100-0.25_4.dat, 2.57773, 22185, 9.08543, 20703.1, 20703.1, 1.80796, 7984
data\OR10x100-0.25_5.dat, 7.23045, 21106, 11.5419, 20125.1, 20125.1, 1.78407, 8559
data\OR10x100-0.25_6.dat, 3.4728, 21986, 10.2804, 20435.4, 20435.4, 2.56399, 7957
data\OR10x100-0.25_7.dat, 8.01829, 20121, 12.1256, 19222.5, 19222.5, 2.13452, 8573
data\OR10x100-0.25_8.dat, 4.74928, 21560, 10.772, 20196.8, 20196.8, 2.45915, 7355
data\OR10x100-0.25_9.dat, 6.86331, 20966, 10.8264, 20073.9, 20073.9, 1.75393, 7366
data\OR10x100-0.50_1.dat, 3.26851, 40042, 8.03978, 38066.9, 38066.9, 1.48526, 7601
data\OR10x100-0.50_10.dat, 1.8128, 40460, 7.47575, 38126.5, 38126.5, 1.90464, 7727
data\OR10x100-0.50_2.dat, 4.39732, 40482, 8.01137, 38951.7, 38951.7, 1.27966, 7264
data\OR10x100-0.50_3.dat, 3.33483, 40987, 7.90036, 39051.2, 39051.2, 1.78631, 7620
data\OR10x100-0.50_4.dat, 3.12116, 44200, 7.50029, 42202.1, 42202.1, 1.52969, 8089
data\OR10x100-0.50_5.dat, 3.55267, 40396, 7.61285, 38695.4, 38695.4, 1.76991, 7772
data\OR10x100-0.50_6.dat, 3.65391, 41424, 7.91464, 39592.1, 39592.1, 1.58196, 7824
data\OR10x100-0.50_7.dat, 5.11085, 41347, 7.86754, 40145.8, 40145.8, 1.47776, 7552
data\OR10x100-0.50_8.dat, 4.78008, 40916, 8.6223, 39265, 39265, 1.49191, 7333
data\OR10x100-0.50_9.dat, 2.85701, 41006, 7.69489, 38963.8, 38963.8, 2.10413, 7067
data\OR10x100-0.75_1.dat, 3.91111, 55131, 5.97589, 53946.3, 53946.3, 0.899449, 7599
data\OR10x100-0.75_10.dat, 1.52062, 59711, 5.97018, 57013.1, 57013.1, 1.62668, 7395
data\OR10x100-0.75_2.dat, 2.44328, 57537, 4.97247, 56045.3, 56045.3, 1.163, 7969
data\OR10x100-0.75_3.dat, 1.03098, 57789, 4.84721, 55560.7, 55560.7, 1.48229, 7513
data\OR10x100-0.75_4.dat, 1.11836, 61273, 4.57654, 59130.1, 59130.1, 1.47832, 7883
data\OR10x100-0.75_5.dat, 2.16437, 59487, 5.76463, 57297.9, 57297.9, 1.28631, 7842
data\OR10x100-0.75_6.dat, 0.984749, 60832, 5.56445, 58018.4, 58018.4, 1.25114, 7695
data\OR10x100-0.75_7.dat, 1.42611, 55573, 4.7044, 53724.8, 53724.8, 1.41545, 7690
data\OR10x100-0.75_8.dat, 0.83346, 58896, 5.24619, 56275.2, 56275.2, 1.72083, 7101
data\OR10x100-0.75_9.dat, 2.95158, 58428, 5.544, 56867.2, 56867.2, 1.25941, 7792
data\OR10x250-0.25_1.dat, 10.1171, 53199, 15.5578, 49978.8, 49978.8, 1.81797, 20249
data\OR10x250-0.25_10.dat, 11.8531, 52190, 15.592, 49976.3, 49976.3, 1.58348, 20824
data\OR10x250-0.25_2.dat, 11.3064, 52135, 15.4205, 49716.7, 49716.7, 1.6093, 20002
data\OR10x250-0.25_3.dat, 12.9094, 50597, 16.3789, 48581.4, 48581.4, 1.62915, 20692
data\OR10x250-0.25_4.dat, 10.5885, 54541, 15.8816, 51312.2, 51312.2, 2.07294, 20460
data\OR10x250-0.25_5.dat, 11.4422, 51445, 15.4851, 49096.4, 49096.4, 1.92811, 20852
data\OR10x250-0.25_6.dat, 11.4953, 52062, 15.881, 49482.1, 49482.1, 1.75736, 20410
data\OR10x250-0.25_7.dat, 6.40672, 54943, 14.1923, 50372.5, 50372.5, 2.54358, 20826
data\OR10x250-0.25_8.dat, 6.85659, 54895, 14.6046, 50328.6, 50328.6, 2.60426, 20153
data\OR10x250-0.25_9.dat, 8.84874, 54132, 16.1405, 49801.6, 49801.6, 2.56761, 20452
data\OR10x250-0.50_1.dat, 9.28205, 100618, 10.7564, 98982.7, 98982.7, 0.841171, 21635
data\OR10x250-0.50_10.dat, 8.06387, 98117, 11.2231, 94745.4, 94745.4, 1.15322, 21684
data\OR10x250-0.50_2.dat, 7.54896, 100510, 11.0104, 96746.9, 96746.9, 1.09691, 22044
data\OR10x250-0.50_3.dat, 5.92571, 102477, 10.3567, 97650.2, 97650.2, 1.81783, 21548
data\OR10x250-0.50_4.dat, 6.57849, 102844, 10.5934, 98424.1, 98424.1, 1.16518, 21168
data\OR10x250-0.50_5.dat, 6.50781, 101425, 10.5293, 97062.3, 97062.3, 1.19898, 21638
data\OR10x250-0.50_6.dat, 7.12707, 102945, 10.5583, 99141.6, 99141.6, 1.24884, 21622
data\OR10x250-0.50_7.dat, 8.88128, 96656, 11.5165, 93860.6, 93860.6, 0.704081, 21807
data\OR10x250-0.50_8.dat, 8.20632, 97931, 11.4127, 94510.2, 94510.2, 1.27475, 20828
data\OR10x250-0.50_9.dat, 3.90152, 105544, 10.4895, 98308.5, 98308.5, 1.60923, 21380
data\OR10x250-0.75_1.dat, 3.62166, 146311, 8.55369, 138824, 138824, 2.00484, 20821
data\OR10x250-0.75_10.dat, 3.90771, 143854, 8.33296, 137229, 137229, 1.79904, 20762
data\OR10x250-0.75_2.dat, 6.02667, 139806, 9.06869, 135280, 135280, 1.6409, 21040
data\OR10x250-0.75_3.dat, 3.2763, 146932, 7.93615, 139853, 139853, 1.90592, 20140
data\OR10x250-0.75_4.dat, 4.55579, 144430, 8.98029, 137735, 137735, 1.66153, 20628
data\OR10x250-0.75_5.dat, 4.39243, 145291, 8.51552, 139025, 139025, 1.96069, 20046
data\OR10x250-0.75_6.dat, 4.23907, 145661, 8.84526, 138655, 138655, 1.83069, 20351
data\OR10x250-0.75_7.dat, 5.34183, 144951, 8.56589, 140014, 140014, 1.58648, 21203
data\OR10x250-0.75_8.dat, 2.6664, 149483, 8.44201, 140613, 140613, 2.05651, 20404
data\OR10x250-0.75_9.dat, 5.08715, 141572, 8.62506, 136295, 136295, 1.54097, 19845
data\OR10x500-0.25_1.dat, 13.4891, 101928, 17.0496, 97732.9, 97732.9, 1.35243, 40921
data\OR10x500-0.25_10.dat, 15.3969, 100890, 17.7655, 98065.5, 98065.5, 1.05214, 40209
data\OR10x500-0.25_2.dat, 14.3054, 102190, 17.2917, 98628.8, 98628.8, 1.37355, 40514
data\OR10x500-0.25_3.dat, 14.7096, 101679, 17.816, 97975.6, 97975.6, 1.30026, 40548
data\OR10x500-0.25_4.dat, 14.4056, 101711, 17.6561, 97848.4, 97848.4, 1.0654, 41536
data\OR10x500-0.25_5.dat, 13.8333, 100410, 17.5465, 96083, 96083, 1.64035, 39558
data\OR10x500-0.25_6.dat, 15.6681, 100780, 17.7731, 98264.4, 98264.4, 1.03311, 39919
data\OR10x500-0.25_7.dat, 14.3448, 102638, 17.8853, 98395.6, 98395.6, 1.62304, 41874
data\OR10x500-0.25_8.dat, 11.2688, 105008, 17.7605, 97325.5, 97325.5, 1.49596, 39513
data\OR10x500-0.25_9.dat, 14.9149, 100243, 17.6014, 97077.9, 97077.9, 1.34746, 40921
data\OR10x500-0.50_1.dat, 7.57164, 200918, 11.4897, 192401, 192401, 1.2447, 43316
data\OR10x500-0.50_10.dat, 5.99641, 207653, 11.0877, 196406, 196406, 1.5475, 44059
data\OR10x500-0.50_2.dat, 10.0134, 197140, 12.3449, 192032, 192032, 0.710442, 44301
data\OR10x500-0.50_3.dat, 9.3988, 197372, 11.9292, 191860, 191860, 0.963366, 43712
data\OR10x500-0.50_4.dat, 7.92602, 199679, 12.6823, 189364, 189364, 1.07767, 43826
data\OR10x500-0.50_5.dat, 5.69637, 201690, 11.6739, 188906, 188906, 1.20482, 41614
data\OR10x500-0.50_6.dat, 8.31342, 197205, 12.0479, 189173, 189173, 1.10162, 43744
data\OR10x500-0.50_7.dat, 9.12958, 198043, 12.2526, 191237, 191237, 0.934543, 44365
data\OR10x500-0.50_8.dat, 9.69044, 198672, 12.1138, 193341, 193341, 0.718307, 42886
data\OR10x500-0.50_9.dat, 10.1921, 192532, 11.8756, 188923, 188923, 0.790596, 43023
data\OR10x500-0.75_1.dat, 4.0051, 292196, 14.947, 258890, 258890, 3.74301, 40000
data\OR10x500-0.75_10.dat, 3.64455, 295897, 13.9408, 264278, 264278, 3.8213, 40535
data\OR10x500-0.75_2.dat, 8.53366, 276575, 16.1616, 253510, 253510, 2.8692, 40621
data\OR10x500-0.75_3.dat, 3.39267, 292157, 11.0694, 268941, 268941, 4.54333, 40702
data\OR10x500-0.75_4.dat, 4.73995, 286527, 15.0572, 255494, 255494, 3.4761, 39767
data\OR10x500-0.75_5.dat, 3.57028, 293507, 13.1588, 264322, 264322, 4.60613, 41403
data\OR10x500-0.75_6.dat, 3.51814, 291217, 13.081, 262353, 262353, 4.27044, 40714
data\OR10x500-0.75_7.dat, 4.56465, 291032, 14.6317, 260332, 260332, 3.82434, 41458
data\OR10x500-0.75_8.dat, 5.46988, 280261, 13.85, 255416, 255416, 4.25046, 40220
data\OR10x500-0.75_9.dat, 6.29847, 282378, 15.2754, 255325, 255325, 3.62188, 40313
data\OR30x100-0.25_1.dat, 3.17142, 21250, 11.5225, 19417.3, 19417.3, 2.96107, 9417
data\OR30x100-0.25_10.dat, 4.04137, 20135, 9.87545, 18910.8, 18910.8, 2.79227, 9365
data\OR30x100-0.25_2.dat, 3.5734, 20940, 10.4547, 19445.7, 19445.7, 2.54002, 9770
data\OR30x100-0.25_3.dat, 3.05483, 20120, 10.3458, 18606.8, 18606.8, 3.49529, 9627
data\OR30x100-0.25_4.dat, 5.34383, 20317, 10.7749, 19151.3, 19151.3, 2.50853, 9244
data\OR30x100-0.25_5.dat, 4.93042, 20767, 11.0042, 19440.2, 19440.2, 3.17944, 9853
data\OR30x100-0.25_6.dat, 4.69877, 21134, 10.1705, 19920.6, 19920.6, 2.41483, 9569
data\OR30x100-0.25_7.dat, 4.53691, 20810, 10.2858, 19556.8, 19556.8, 2.54271, 9622
data\OR30x100-0.25_8.dat, 1.75258, 21022, 10.3733, 19177.4, 19177.4, 2.85657, 9938
data\OR30x100-0.25_9.dat, 6.05993, 21160, 10.1927, 20229.1, 20229.1, 2.06644, 9644
data\OR30x100-0.50_1.dat, 4.98197, 38736, 8.14613, 37446.1, 37446.1, 1.38292, 9210
data\OR30x100-0.50_10.dat, 4.58513, 39788, 9.32734, 37810.5, 37810.5, 1.62783, 9535
data\OR30x100-0.50_2.dat, 5.14428, 39183, 8.12926, 37950, 37950, 1.25074, 9222
data\OR30x100-0.50_3.dat, 3.46625, 40187, 7.93442, 38326.9, 38326.9, 1.91837, 9551
data\OR30x100-0.50_4.dat, 1.81038, 40298, 7.67249, 37892.1, 37892.1, 2.23269, 9276
data\OR30x100-0.50_5.dat, 3.45325, 39477, 7.81131, 37695, 37695, 1.31268, 9443
data\OR30x100-0.50_6.dat, 2.13357, 40182, 8.24013, 37674.8, 37674.8, 1.97753, 9393
data\OR30x100-0.50_7.dat, 5.16292, 38942, 8.02932, 37765, 37765, 1.48761, 9336
data\OR30x100-0.50_8.dat, 2.99632, 41439, 8.15687, 39234.5, 39234.5, 1.97657, 9128
data\OR30x100-0.50_9.dat, 3.13758, 40905, 9.0918, 38390.5, 38390.5, 1.49707, 9358
data\OR30x100-0.75_1.dat, 2.24719, 56202, 5.37024, 54406.4, 54406.4, 1.30628, 9142
data\OR30x100-0.75_10.dat, 1.37122, 59772, 4.58355, 57825.2, 57825.2, 1.69839, 9297
data\OR30x100-0.75_2.dat, 3.26686, 58066, 5.5083, 56720.5, 56720.5, 0.948801, 9302
data\OR30x100-0.75_3.dat, 1.64163, 57099, 5.18104, 55044.3, 55044.3, 1.30754, 9240
data\OR30x100-0.75_4.dat, 0.970778, 60186, 5.9009, 57189.7, 57189.7, 1.41169, 9223
data\OR30x100-0.75_5.dat, 2.2366, 57567, 6.09192, 55296.8, 55296.8, 1.37414, 9084
data\OR30x100-0.75_6.dat, 1.75468, 58958, 5.24937, 56860.8, 56860.8, 1.45737, 9340
data\OR30x100-0.75_7.dat, 2.2965, 56797, 5.49674, 54936.6, 54936.6, 1.46838, 9647
data\OR30x100-0.75_8.dat, 3.06617, 57253, 6.03949, 55496.8, 55496.8, 1.18945, 9762
data\OR30x100-0.75_9.dat, 1.60746, 58027, 5.41043, 55784.2, 55784.2, 1.38667, 9562
data\OR30x250-0.25_1.dat, 13.3106, 49276, 16.6865, 47357.1, 47357.1, 1.59824, 27098
data\OR30x250-0.25_10.dat, 10.1086, 50741, 15.3775, 47766.9, 47766.9, 2.11084, 27736
data\OR30x250-0.25_2.dat, 8.8756, 53326, 15.2071, 49620.8, 49620.8, 2.22232, 27331
data\OR30x250-0.25_3.dat, 12.2037, 49705, 16.3965, 47331.3, 47331.3, 1.78595, 27446
data\OR30x250-0.25_4.dat, 12.0604, 50064, 15.8657, 47897.7, 47897.7, 1.90016, 26564
data\OR30x250-0.25_5.dat, 10.152, 50880, 15.2476, 47994.4, 47994.4, 2.45113, 26146
data\OR30x250-0.25_6.dat, 5.7897, 53893, 15.4248, 48381.3, 48381.3, 3.27757, 26517
data\OR30x250-0.25_7.dat, 11.2391, 50023, 15.2322, 47772.6, 47772.6, 1.94629, 26348
data\OR30x250-0.25_8.dat, 8.0362, 51920, 15.9005, 47480.1, 47480.1, 2.38692, 25921
data\OR30x250-0.25_9.dat, 5.54164, 54289, 14.5813, 49093.6, 49093.6, 2.58455, 25906
data\OR30x250-0.50_1.dat, 4.02709, 103430, 11.3022, 95589.6, 95589.6, 1.77824, 26020
data\OR30x250-0.50_10.dat, 8.18208, 97125, 11.2488, 93881, 93881, 1.21932, 26263
data\OR30x250-0.50_2.dat, 2.69393, 105472, 11.5012, 95925.7, 95925.7, 1.96832, 26597
data\OR30x250-0.50_3.dat, 8.7644, 97113, 11.0543, 94675.5, 94675.5, 0.936035, 26024
data\OR30x250-0.50_4.dat, 8.70167, 97576, 11.2157, 94889.1, 94889.1, 1.06011, 26214
data\OR30x250-0.50_5.dat, 4.52083, 102558, 11.1182, 95471.5, 95471.5, 2.40053, 26256
data\OR30x250-0.50_6.dat, 7.20698, 99540, 10.6427, 95854.5, 95854.5, 1.26181, 26597
data\OR30x250-0.50_7.dat, 8.00023, 97862, 11.4548, 94187.3, 94187.3, 1.12262, 26400
data\OR30x250-0.50_8.dat, 8.01388, 95695, 11.5803, 91984.8, 91984.8, 1.52051, 26506
data\OR30x250-0.50_9.dat, 5.50367, 100975, 11.0567, 95041.2, 95041.2, 1.55714, 26312
data\OR30x250-0.75_1.dat, 1.96187, 147217, 8.14391, 137934, 137934, 2.0069, 26001
data\OR30x250-0.75_10.dat, 1.91825, 146797, 8.45064, 137020, 137020, 1.87688, 25799
data\OR30x250-0.75_2.dat, 4.34655, 143440, 8.15193, 137734, 137734, 1.84654, 26142
data\OR30x250-0.75_3.dat, 6.60166, 142906, 9.39704, 138629, 138629, 1.4782, 26029
data\OR30x250-0.75_4.dat, 2.06938, 150063, 8.23997, 140608, 140608, 2.04311, 26004
data\OR30x250-0.75_5.dat, 2.36082, 146739, 8.08686, 138134, 138134, 2.06832, 25971
data\OR30x250-0.75_6.dat, 3.11293, 143949, 8.60009, 135797, 135797, 1.8687, 26995
data\OR30x250-0.75_7.dat, 4.49358, 140850, 8.93538, 134299, 134299, 1.59204, 26302
data\OR30x250-0.75_8.dat, 4.16449, 146544, 8.96764, 139199, 139199, 1.81902, 27284
data\OR30x250-0.75_9.dat, 4.64264, 142626, 8.20641, 137296, 137296, 1.55199, 27268
data\OR30x500-0.25_1.dat, 14.9247, 98735, 17.6896, 95526.1, 95526.1, 1.29751, 53181
data\OR30x500-0.25_10.dat, 15.0594, 99479, 17.7396, 96340.1, 96340.1, 1.25183, 54401
data\OR30x500-0.25_2.dat, 13.9326, 98814, 17.5082, 94708.8, 94708.8, 1.66244, 54737
data\OR30x500-0.25_3.dat, 13.6679, 100785, 17.4483, 96371.7, 96371.7, 1.26168, 52683
data\OR30x500-0.25_4.dat, 12.7061, 100697, 17.3282, 95365.2, 95365.2, 1.81732, 54024
data\OR30x500-0.25_5.dat, 13.525, 100765, 16.9788, 96740.4, 96740.4, 1.40023, 53357
data\OR30x500-0.25_6.dat, 14.8193, 98589, 17.3019, 95715.6, 95715.6, 1.39008, 53918
data\OR30x500-0.25_7.dat, 10.7925, 101858, 17.661, 94015.5, 94015.5, 2.0229, 55442
data\OR30x500-0.25_8.dat, 13.726, 98700, 17.909, 93914.6, 93914.6, 1.51217, 53005
data\OR30x500-0.25_9.dat, 13.2647, 100109, 17.1121, 95668.4, 95668.4, 1.5119, 51041
data\OR30x500-0.50_1.dat, 9.92371, 196460, 12.8102, 190164, 190164, 0.903601, 53234
data\OR30x500-0.50_10.dat, 9.17579, 195035, 12.5695, 187747, 187747, 1.06674, 54141
data\OR30x500-0.50_2.dat, 8.84797, 195656, 12.2755, 188299, 188299, 0.975479, 55042
data\OR30x500-0.50_3.dat, 6.15711, 202680, 12.8656, 188191, 188191, 1.61647, 54481
data\OR30x500-0.50_4.dat, 9.77376, 196612, 12.3498, 190999, 190999, 0.968339, 54467
data\OR30x500-0.50_5.dat, 6.52606, 201613, 12.7428, 188204, 188204, 1.27927, 55962
data\OR30x500-0.50_6.dat, 10.2904, 193700, 12.3467, 189260, 189260, 0.644526, 54572
data\OR30x500-0.50_7.dat, 11.0853, 191973, 12.9459, 187956, 187956, 0.630111, 54660
data\OR30x500-0.50_8.dat, 6.81669, 201781, 12.5467, 189373, 189373, 1.51727, 54361
data\OR30x500-0.50_9.dat, 9.68252, 196296, 12.6552, 189835, 189835, 0.886308, 55304
data\OR30x500-0.75_1.dat, 5.75155, 284324, 13.971, 259528, 259528, 3.32179, 53148
data\OR30x500-0.75_10.dat, 5.80892, 283112, 15.0241, 255414, 255414, 3.38673, 52740
data\OR30x500-0.75_2.dat, 4.28688, 287192, 14.0281, 257963, 257963, 4.3519, 53259
data\OR30x500-0.75_3.dat, 4.18504, 292319, 14.6645, 260347, 260347, 4.07546, 53892
data\OR30x500-0.75_4.dat, 4.43827, 288627, 12.8982, 263075, 263075, 4.34602, 53626
data\OR30x500-0.75_5.dat, 9.03003, 276969, 15.4341, 257471, 257471, 2.47356, 53071
data\OR30x500-0.75_6.dat, 7.00645, 276202, 13.4181, 257159, 257159, 2.916, 53651
data\OR30x500-0.75_7.dat, 4.99005, 288226, 12.5646, 265247, 265247, 3.76207, 55449
data\OR30x500-0.75_8.dat, 5.64287, 289683, 15.6127, 259075, 259075, 3.30391, 53425
data\OR30x500-0.75_9.dat, 6.50959, 283462, 14.4498, 259387, 259387, 3.16671, 54126
data\OR5x100-0.25_1.dat, 3.05566, 23636, 10.1209, 21913.4, 21913.4, 3.00376, 7142
data\OR5x100-0.25_10.dat, 3.8794, 23464, 9.04401, 22203.3, 22203.3, 2.75113, 7184
data\OR5x100-0.25_2.dat, 5.30197, 22987, 10.1928, 21799.8, 21799.8, 2.44666, 6545
data\OR5x100-0.25_3.dat, 1.97868, 23085, 10.2829, 21129.3, 21129.3, 3.47609, 6661
data\OR5x100-0.25_4.dat, 1.8144, 23107, 9.02184, 21410.8, 21410.8, 2.39525, 6946
data\OR5x100-0.25_5.dat, 3.15952, 23233, 10.2894, 21522.5, 21522.5, 2.737, 6622
data\OR5x100-0.25_6.dat, 4.22541, 23573, 10.4438, 22042.5, 22042.5, 2.67367, 6573
data\OR5x100-0.25_7.dat, 5.1776, 24266, 11.1062, 22748.8, 22748.8, 2.28755, 6843
data\OR5x100-0.25_8.dat, 6.00171, 22005, 10.7951, 20882.9, 20882.9, 2.01031, 6512
data\OR5x100-0.25_9.dat, 4.82739, 23047, 10.4983, 21673.7, 21673.7, 2.02, 6659
data\OR5x100-0.50_1.dat, 0.804547, 42413, 7.47893, 39559.2, 39559.2, 1.78597, 6846
data\OR5x100-0.50_10.dat, 1.58908, 43846, 6.95418, 41455.6, 41455.6, 1.70524, 6846
data\OR5x100-0.50_2.dat, 1.14467, 42058, 6.77675, 39661.8, 39661.8, 1.78583, 6323
data\OR5x100-0.50_3.dat, 2.97608, 40719, 7.07555, 38998.5, 38998.5, 1.33812, 6565
data\OR5x100-0.50_4.dat, 4.23375, 43181, 7.85851, 41546.6, 41546.6, 1.36941, 6798
data\OR5x100-0.50_5.dat, 1.2696, 41682, 7.60758, 39006.2, 39006.2, 1.89364, 6856
data\OR5x100-0.50_6.dat, 3.11692, 41589, 8.03317, 39478.6, 39478.6, 1.73946, 6532
data\OR5x100-0.50_7.dat, 0.723654, 41705, 7.47062, 38870.7, 38870.7, 2.05929, 6276
data\OR5x100-0.50_8.dat, 3.69614, 43356, 7.27536, 41744.6, 41744.6, 1.48839, 6668
data\OR5x100-0.50_9.dat, 5.08736, 41231, 7.34444, 40250.5, 40250.5, 1.0863, 6620
data\OR5x100-0.75_1.dat, 0.645248, 59436, 4.78765, 56957.9, 56957.9, 1.66747, 6711
data\OR5x100-0.75_10.dat, 1.14734, 59277, 4.61186, 57199.5, 57199.5, 1.56897, 6306
data\OR5x100-0.75_2.dat, 1.00836, 61455, 4.75948, 59126.3, 59126.3, 1.66358, 6931
data\OR5x100-0.75_3.dat, 0.608675, 59438, 4.70241, 56989.9, 56989.9, 1.75518, 6767
data\OR5x100-0.75_4.dat, 0.7391, 60032, 4.66096, 57660.1, 57660.1, 1.34585, 6585
data\OR5x100-0.75_5.dat, 1.97574, 59884, 5.60623, 57666.1, 57666.1, 1.5658, 6839
data\OR5x100-0.75_6.dat, 1.29921, 58193, 4.87096, 56087.1, 56087.1, 1.31724, 6064
data\OR5x100-0.75_7.dat, 1.52101, 60602, 4.94881, 58492.6, 58492.6, 1.31115, 6486
data\OR5x100-0.75_8.dat, 0.768856, 61047, 4.52541, 58736, 58736, 1.75231, 6597
data\OR5x100-0.75_9.dat, 1.73078, 58424, 5.41997, 56230.7, 56230.7, 1.15427, 6763
data\OR5x250-0.25_1.dat, 11.0011, 52787, 16.0513, 49791.7, 49791.7, 1.82987, 18712
data\OR5x250-0.25_10.dat, 8.39227, 54011, 15.0198, 50103.5, 50103.5, 2.17951, 18739
data\OR5x250-0.25_2.dat, 13.2499, 53327, 16.3989, 51391.3, 51391.3, 1.59688, 19722
data\OR5x250-0.25_3.dat, 13.3414, 53841, 15.8412, 52287.9, 52287.9, 1.46942, 20331
data\OR5x250-0.25_4.dat, 9.50339, 53812, 14.4448, 50873.7, 50873.7, 1.98779, 19290
data\OR5x250-0.25_5.dat, 11.5757, 52127, 15.1657, 50010.7, 50010.7, 1.70828, 20165
data\OR5x250-0.25_6.dat, 9.35633, 54456, 14.9997, 51065.6, 51065.6, 2.03198, 20294
data\OR5x250-0.25_7.dat, 7.63896, 55799, 15.0115, 51345, 51345, 2.48368, 19943
data\OR5x250-0.25_8.dat, 11.711, 54273, 15.5499, 51913.2, 51913.2, 1.86015, 18623
data\OR5x250-0.25_9.dat, 9.92163, 55745, 16.6391, 51587.9, 51587.9, 2.41342, 19348
data\OR5x250-0.50_1.dat, 5.66406, 102929, 9.5909, 98644.5, 98644.5, 1.53008, 20441
data\OR5x250-0.50_10.dat, 8.03396, 98457, 10.1977, 96140.5, 96140.5, 1.03343, 20170
data\OR5x250-0.50_2.dat, 6.24721, 102979, 10.7587, 98023.5, 98023.5, 1.14696, 20537
data\OR5x250-0.50_3.dat, 6.77185, 101160, 10.2458, 97390.5, 97390.5, 1.74785, 19637
data\OR5x250-0.50_4.dat, 3.62762, 105415, 10.0195, 98423.4, 98423.4, 1.76249, 20577
data\OR5x250-0.50_5.dat, 2.66077, 107774, 9.24609, 100483, 100483, 1.82452, 20446
data\OR5x250-0.50_6.dat, 7.13703, 102387, 10.1478, 99067.4, 99067.4, 1.04614, 20711
data\OR5x250-0.50_7.dat, 5.89508, 102612, 10.3511, 97753.2, 97753.2, 1.25917, 20741
data\OR5x250-0.50_8.dat, 7.808, 100528, 10.0797, 98050.9, 98050.9, 0.712516, 20411
data\OR5x250-0.50_9.dat, 4.17474, 105380, 10.3512, 98587.7, 98587.7, 1.53896, 19712
data\OR5x250-0.75_1.dat, 3.84392, 143912, 8.01225, 137673, 137673, 1.86648, 19748
data\OR5x250-0.75_10.dat, 3.70277, 148941, 8.28497, 141854, 141854, 2.26885, 19424
data\OR5x250-0.75_2.dat, 3.75648, 150086, 8.73448, 142323, 142323, 2.2903, 19324
data\OR5x250-0.75_3.dat, 1.92521, 146459, 7.10479, 138724, 138724, 2.34071, 20140
data\OR5x250-0.75_4.dat, 3.06711, 147464, 8.24887, 139581, 139581, 2.19815, 19911
data\OR5x250-0.75_5.dat, 2.28529, 146917, 8.2326, 137975, 137975, 2.7151, 20022
data\OR5x250-0.75_6.dat, 3.70356, 144488, 8.53288, 137242, 137242, 2.03377, 19968
data\OR5x250-0.75_7.dat, 3.21586, 143828, 8.7429, 135614, 135614, 1.95189, 19929
data\OR5x250-0.75_8.dat, 2.51031, 146022, 8.82823, 136559, 136559, 1.94441, 19416
data\OR5x250-0.75_9.dat, 3.66468, 149392, 8.27759, 142239, 142239, 2.16053, 19476
data\OR5x500-0.25_1.dat, 13.1879, 104303, 17.5682, 99040.2, 99040.2, 1.48668, 38961
data\OR5x500-0.25_10.dat, 14.6069, 103084, 18.3037, 98621.3, 98621.3, 1.28285, 37632
data\OR5x500-0.25_2.dat, 12.7826, 102811, 17.8018, 96894.4, 96894.4, 1.69306, 38736
data\OR5x500-0.25_3.dat, 9.67217, 109415, 16.5044, 101139, 101139, 2.11872, 37096
data\OR5x500-0.25_4.dat, 16.1774, 101261, 18.4898, 98467.6, 98467.6, 1.10168, 37092
data\OR5x500-0.25_5.dat, 14.7925, 104225, 18.4474, 99754.3, 99754.3, 1.1288, 37964
data\OR5x500-0.25_6.dat, 15.0388, 103673, 19.1358, 98673.7, 98673.7, 1.45785, 37581
data\OR5x500-0.25_7.dat, 14.4997, 101854, 18.4832, 97108.6, 97108.6, 1.37085, 38054
data\OR5x500-0.25_8.dat, 14.5495, 103026, 18.6675, 98061, 98061, 1.49683, 37508
data\OR5x500-0.25_9.dat, 15.0897, 103239, 17.8828, 99843.1, 99843.1, 1.09, 37484
data\OR5x500-0.50_1.dat, 8.16425, 200595, 11.2672, 193817, 193817, 0.911585, 43154
data\OR5x500-0.50_10.dat, 6.1383, 206232, 11.2347, 195034, 195034, 1.40471, 42834
data\OR5x500-0.50_2.dat, 6.72553, 206325, 11.3143, 196175, 196175, 1.3608, 40868
data\OR5x500-0.50_3.dat, 6.25488, 203935, 11.6517, 192195, 192195, 1.29496, 42236
data\OR5x500-0.50_4.dat, 8.79227, 203904, 11.5548, 197728, 197728, 0.787316, 42491
data\OR5x500-0.50_5.dat, 5.82328, 206215, 11.6007, 193564, 193564, 1.60829, 40692
data\OR5x500-0.50_6.dat, 9.33887, 199935, 11.7798, 194552, 194552, 1.02886, 42007
data\OR5x500-0.50_7.dat, 8.37451, 201566, 11.7174, 194212, 194212, 1.07731, 40612
data\OR5x500-0.50_8.dat, 10.1606, 196043, 11.6939, 192697, 192697, 0.655706, 43492
data\OR5x500-0.50_9.dat, 8.97703, 197498, 11.7925, 191389, 191389, 0.797918, 42701
data\OR5x500-0.75_1.dat, 5.4961, 279569, 13.0246, 257298, 257298, 4.05489, 39452
data\OR5x500-0.75_10.dat, 3.83915, 288396, 13.5212, 259359, 259359, 4.46982, 39322
data\OR5x500-0.75_2.dat, 3.74051, 296562, 13.7768, 265641, 265641, 3.84532, 38392
data\OR5x500-0.75_3.dat, 3.29891, 289906, 13.3568, 259753, 259753, 4.90199, 40337
data\OR5x500-0.75_4.dat, 6.2686, 287268, 13.2245, 265950, 265950, 4.35006, 39297
data\OR5x500-0.75_5.dat, 6.25953, 281542, 13.3606, 260215, 260215, 4.03956, 39649
data\OR5x500-0.75_6.dat, 5.05666, 287271, 13.3708, 262115, 262115, 4.62738, 41050
data\OR5x500-0.75_7.dat, 6.86735, 280645, 14.6414, 257219, 257219, 3.57697, 39125
data\OR5x500-0.75_8.dat, 6.61143, 286193, 14.7517, 261247, 261247, 3.50835, 39769
data\OR5x500-0.75_9.dat, 5.31985, 286718, 13.3614, 262366, 262366, 4.26282, 39838



c1, c2, w, penalty, epochs
0.670175,0.935928,1,329.594,600
intacia,nOpt,melhor_gap, melhor_fit, gap_medio, fit_medio, fobj_medio, dp, tempo(ms)
data\ORLib\OR10x100-0.25_1.dat, 0, 6.36923, 21595, 10.8683, 20557.3, 20557.3, 2.06638, 8585
data\ORLib\OR10x100-0.25_10.dat, 0, 6.01269, 21337, 11.1726, 20165.6, 20165.6, 2.34313, 8108
data\ORLib\OR10x100-0.25_2.dat, 0, 4.67523, 21735, 11.3546, 20212, 20212, 2.52309, 8130
data\ORLib\OR10x100-0.25_3.dat, 0, 5.34544, 20948, 11.1807, 19656.6, 19656.6, 3.04158, 8343
data\ORLib\OR10x100-0.25_4.dat, 0, 6.32795, 21331, 10.6675, 20342.8, 20342.8, 2.28472, 7932
data\ORLib\OR10x100-0.25_5.dat, 0, 7.20408, 21112, 10.916, 20267.5, 20267.5, 2.00182, 8510
data\ORLib\OR10x100-0.25_6.dat, 0, 5.52312, 21519, 10.1664, 20461.4, 20461.4, 1.97389, 8631
data\ORLib\OR10x100-0.25_7.dat, 0, 5.55886, 20659, 12.3552, 19172.3, 19172.3, 2.68203, 8053
data\ORLib\OR10x100-0.25_8.dat, 0, 5.96863, 21284, 11.7608, 19972.9, 19972.9, 2.54797, 8676
data\ORLib\OR10x100-0.25_9.dat, 0, 3.0785, 21818, 11.6272, 19893.6, 19893.6, 2.94171, 8319
data\ORLib\OR10x100-0.50_1.dat, 0, 1.46878, 40787, 7.49559, 38292.2, 38292.2, 1.78577, 7285
data\ORLib\OR10x100-0.50_10.dat, 0, 2.96794, 39984, 7.70322, 38032.7, 38032.7, 1.36012, 7562
data\ORLib\OR10x100-0.50_2.dat, 0, 2.39231, 41331, 7.69759, 39084.5, 39084.5, 1.37092, 7501
data\ORLib\OR10x100-0.50_3.dat, 0, 5.66496, 39999, 7.96113, 39025.4, 39025.4, 1.06599, 7139
data\ORLib\OR10x100-0.50_4.dat, 0, 2.27512, 44586, 7.32275, 42283.1, 42283.1, 2.02104, 7389
data\ORLib\OR10x100-0.50_5.dat, 0, 6.4607, 39178, 8.33413, 38393.3, 38393.3, 0.868259, 7829
data\ORLib\OR10x100-0.50_6.dat, 0, 4.87964, 40897, 8.14033, 39495.1, 39495.1, 1.23985, 7194
data\ORLib\OR10x100-0.50_7.dat, 0, 4.15844, 41762, 7.45965, 40323.5, 40323.5, 1.37475, 7507
data\ORLib\OR10x100-0.50_8.dat, 0, 1.23807, 42438, 8.03863, 39515.8, 39515.8, 2.22138, 7456
data\ORLib\OR10x100-0.50_9.dat, 0, 2.36899, 41212, 7.66362, 38977, 38977, 1.78062, 7659
data\ORLib\OR10x100-0.75_1.dat, 0, 1.85621, 56310, 5.54609, 54192.9, 54192.9, 1.60498, 7680
data\ORLib\OR10x100-0.75_10.dat, 0, 1.62288, 59649, 5.44241, 57333.1, 57333.1, 1.83645, 7285
data\ORLib\OR10x100-0.75_2.dat, 0, 2.16691, 57700, 4.95083, 56058.1, 56058.1, 1.3854, 7488
data\ORLib\OR10x100-0.75_3.dat, 0, 1.3872, 57581, 4.51417, 55755.1, 55755.1, 1.53815, 7681
data\ORLib\OR10x100-0.75_4.dat, 0, 2.74021, 60268, 5.41254, 58612.1, 58612.1, 1.16568, 7429
data\ORLib\OR10x100-0.75_5.dat, 0, 1.75649, 59735, 5.85843, 57240.9, 57240.9, 1.59413, 7227
data\ORLib\OR10x100-0.75_6.dat, 0, 1.52351, 60501, 5.28965, 58187.2, 58187.2, 1.24772, 7775
data\ORLib\OR10x100-0.75_7.dat, 0, 1.69573, 55421, 5.51301, 53268.9, 53268.9, 1.05309, 7548
data\ORLib\OR10x100-0.75_8.dat, 0, 1.51538, 58491, 5.13518, 56341.2, 56341.2, 1.63366, 7896
data\ORLib\OR10x100-0.75_9.dat, 0, 1.26734, 59442, 5.57982, 56845.7, 56845.7, 1.33943, 7428
data\ORLib\OR10x250-0.25_1.dat, 0, 12.0466, 52057, 16.1351, 49637.1, 49637.1, 1.89536, 21733
data\ORLib\OR10x250-0.25_10.dat, 0, 9.65072, 53494, 15.6574, 49937.6, 49937.6, 1.81162, 20816
data\ORLib\OR10x250-0.25_2.dat, 0, 11.3268, 52123, 16.1613, 49281.2, 49281.2, 2.04176, 20944
data\ORLib\OR10x250-0.25_3.dat, 0, 12.1882, 51016, 16.9224, 48265.6, 48265.6, 1.91128, 20619
data\ORLib\OR10x250-0.25_4.dat, 0, 8.01475, 56111, 15.5162, 51535.1, 51535.1, 2.84614, 19383
data\ORLib\OR10x250-0.25_5.dat, 0, 6.82194, 54129, 14.6626, 49574.2, 49574.2, 2.40198, 19749
data\ORLib\OR10x250-0.25_6.dat, 0, 5.58956, 55536, 15.2861, 49832.1, 49832.1, 2.93068, 19486
data\ORLib\OR10x250-0.25_7.dat, 0, 9.58197, 53079, 14.9509, 49927.2, 49927.2, 2.15894, 19468
data\ORLib\OR10x250-0.25_8.dat, 0, 13.0599, 51239, 16.337, 49307.6, 49307.6, 1.63419, 19852
data\ORLib\OR10x250-0.25_9.dat, 0, 10.8963, 52916, 16.663, 49491.4, 49491.4, 2.53738, 20097
data\ORLib\OR10x250-0.50_1.dat, 0, 4.51976, 105900, 10.4829, 99286.1, 99286.1, 1.31794, 21260
data\ORLib\OR10x250-0.50_10.dat, 0, 5.16477, 101211, 11.1276, 94847.3, 94847.3, 1.62569, 21716
data\ORLib\OR10x250-0.50_2.dat, 0, 9.32329, 98581, 11.2746, 96459.6, 96459.6, 0.672254, 21362
data\ORLib\OR10x250-0.50_3.dat, 0, 6.06709, 102323, 11.3261, 96594.2, 96594.2, 1.22202, 20613
data\ORLib\OR10x250-0.50_4.dat, 0, 7.13533, 102231, 10.3739, 98665.8, 98665.8, 1.02925, 21761
data\ORLib\OR10x250-0.50_5.dat, 0, 8.58828, 99168, 10.7141, 96861.8, 96861.8, 0.792998, 21513
data\ORLib\OR10x250-0.50_6.dat, 0, 5.11886, 105171, 10.8557, 98812, 98812, 1.25969, 21216
data\ORLib\OR10x250-0.50_7.dat, 0, 6.31334, 99380, 11.1443, 94255.4, 94255.4, 1.33998, 22517
data\ORLib\OR10x250-0.50_8.dat, 0, 6.97749, 99242, 11.0637, 94882.6, 94882.6, 1.28111, 21385
data\ORLib\OR10x250-0.50_9.dat, 0, 5.08973, 104239, 10.8624, 97898.9, 97898.9, 1.35727, 21004
data\ORLib\OR10x250-0.75_1.dat, 0, 1.49332, 149542, 8.8574, 138363, 138363, 2.7146, 20743
data\ORLib\OR10x250-0.75_10.dat, 0, 2.52231, 145928, 8.44041, 137068, 137068, 2.44491, 20533
data\ORLib\OR10x250-0.75_2.dat, 0, 3.93219, 142922, 8.55764, 136041, 136041, 2.42565, 20588
data\ORLib\OR10x250-0.75_3.dat, 0, 3.05051, 147275, 7.86833, 139956, 139956, 2.03731, 20954
data\ORLib\OR10x250-0.75_4.dat, 0, 5.17829, 143488, 9.15213, 137475, 137475, 1.70995, 20673
data\ORLib\OR10x250-0.75_5.dat, 0, 2.76246, 147768, 8.14367, 139590, 139590, 2.46029, 20372
data\ORLib\OR10x250-0.75_6.dat, 0, 2.20697, 148752, 8.31334, 139464, 139464, 2.22256, 20187
data\ORLib\OR10x250-0.75_7.dat, 0, 4.26498, 146600, 8.20646, 140564, 140564, 2.23688, 21027
data\ORLib\OR10x250-0.75_8.dat, 0, 2.11489, 150330, 8.22125, 140952, 140952, 2.07823, 19992
data\ORLib\OR10x250-0.75_9.dat, 0, 4.86525, 141903, 8.38772, 136649, 136649, 1.52597, 20426
data\ORLib\OR10x500-0.25_1.dat, 0, 14.3514, 100912, 17.3594, 97368, 97368, 1.22462, 41144
data\ORLib\OR10x500-0.25_10.dat, 0, 13.5898, 103045, 17.7434, 98091.8, 98091.8, 1.92542, 39410
data\ORLib\OR10x500-0.25_2.dat, 0, 15.4005, 100884, 17.8345, 97981.5, 97981.5, 1.21791, 40950
data\ORLib\OR10x500-0.25_3.dat, 0, 15.0275, 101300, 18.1648, 97559.8, 97559.8, 1.48417, 40707
data\ORLib\OR10x500-0.25_4.dat, 0, 15.5602, 100339, 17.9875, 97454.7, 97454.7, 0.972111, 40420
data\ORLib\OR10x500-0.25_5.dat, 0, 13.0825, 101285, 17.4613, 96182.4, 96182.4, 1.80566, 38973
data\ORLib\OR10x500-0.25_6.dat, 0, 15.7083, 100732, 18.907, 96909.4, 96909.4, 1.49256, 39770
data\ORLib\OR10x500-0.25_7.dat, 0, 15.0817, 101755, 18.4689, 97696.3, 97696.3, 1.56035, 39644
data\ORLib\OR10x500-0.25_8.dat, 0, 14.2584, 101470, 17.3718, 97785.5, 97785.5, 1.33292, 42268
data\ORLib\OR10x500-0.25_9.dat, 0, 14.746, 100442, 17.9051, 96720.1, 96720.1, 1.42782, 41010
data\ORLib\OR10x500-0.50_1.dat, 0, 7.14473, 201846, 11.6829, 191981, 191981, 1.08866, 44472
data\ORLib\OR10x500-0.50_10.dat, 0, 6.95748, 205530, 11.6733, 195113, 195113, 1.17057, 41768
data\ORLib\OR10x500-0.50_2.dat, 0, 6.67482, 204454, 11.5781, 193712, 193712, 1.6836, 43271
data\ORLib\OR10x500-0.50_3.dat, 0, 8.83877, 198592, 11.9794, 191750, 191750, 1.0761, 43184
data\ORLib\OR10x500-0.50_4.dat, 0, 9.73772, 195750, 12.5983, 189546, 189546, 0.800832, 43860
data\ORLib\OR10x500-0.50_5.dat, 0, 10.8036, 190767, 11.9079, 188405, 188405, 0.47784, 45422
data\ORLib\OR10x500-0.50_6.dat, 0, 9.23305, 195227, 12.363, 188495, 188495, 0.790529, 43220
data\ORLib\OR10x500-0.50_7.dat, 0, 8.58264, 199235, 12.221, 191306, 191306, 0.892686, 42886
data\ORLib\OR10x500-0.50_8.dat, 0, 9.44588, 199210, 11.9762, 193644, 193644, 0.679971, 43238
data\ORLib\OR10x500-0.50_9.dat, 0, 11.076, 190637, 12.1912, 188246, 188246, 0.59177, 42010
data\ORLib\OR10x500-0.75_1.dat, 0, 7.81045, 280613, 15.5318, 257110, 257110, 3.18231, 39979
data\ORLib\OR10x500-0.75_10.dat, 0, 4.22093, 294127, 13.9177, 264349, 264349, 4.48431, 40738
data\ORLib\OR10x500-0.75_2.dat, 0, 4.71627, 288118, 15.8772, 254370, 254370, 3.49663, 40143
data\ORLib\OR10x500-0.75_3.dat, 0, 4.00903, 290293, 13.5972, 261297, 261297, 3.63525, 40315
data\ORLib\OR10x500-0.75_4.dat, 0, 7.26368, 278936, 15.0625, 255478, 255478, 3.66906, 40183
data\ORLib\OR10x500-0.75_5.dat, 0, 6.60602, 284267, 14.8168, 259275, 259275, 3.7606, 40405
data\ORLib\OR10x500-0.75_6.dat, 0, 4.06943, 289553, 14.118, 259223, 259223, 4.42281, 40829
data\ORLib\OR10x500-0.75_7.dat, 0, 6.27213, 285825, 13.5924, 263502, 263502, 4.24117, 39590
data\ORLib\OR10x500-0.75_8.dat, 0, 4.36828, 283527, 13.7531, 255703, 255703, 4.4311, 40246
data\ORLib\OR10x500-0.75_9.dat, 0, 4.54043, 287676, 14.42, 257903, 257903, 4.42675, 39194
data\ORLib\OR30x100-0.25_1.dat, 0, 5.50442, 20738, 11.1507, 19498.9, 19498.9, 2.17646, 9867
data\ORLib\OR30x100-0.25_10.dat, 0, 3.02626, 20348, 11.096, 18654.7, 18654.7, 3.39496, 10586
data\ORLib\OR30x100-0.25_2.dat, 0, 5.05157, 20619, 11.6696, 19181.8, 19181.8, 2.59274, 10184
data\ORLib\OR30x100-0.25_3.dat, 0, 4.61598, 19796, 10.3207, 18612, 18612, 2.95917, 10454
data\ORLib\OR30x100-0.25_4.dat, 0, 5.70723, 20239, 11.5935, 18975.6, 18975.6, 2.70774, 10531
data\ORLib\OR30x100-0.25_5.dat, 0, 4.0423, 20961, 10.7782, 19489.6, 19489.6, 2.35827, 9704
data\ORLib\OR30x100-0.25_6.dat, 0, 6.98052, 20628, 10.718, 19799.2, 19799.2, 2.42355, 10761
data\ORLib\OR30x100-0.25_7.dat, 0, 5.62411, 20573, 11.4563, 19301.6, 19301.6, 2.81098, 10456
data\ORLib\OR30x100-0.25_8.dat, 0, 3.0565, 20743, 11.188, 19003.1, 19003.1, 2.51085, 10692
data\ORLib\OR30x100-0.25_9.dat, 0, 3.82686, 21663, 9.295, 20431.3, 20431.3, 2.77226, 10310
data\ORLib\OR30x100-0.50_1.dat, 0, 2.22729, 39859, 7.57713, 37678, 37678, 2.03286, 9169
data\ORLib\OR30x100-0.50_10.dat, 0, 2.28777, 40746, 8.7478, 38052.2, 38052.2, 2.19623, 9944
data\ORLib\OR30x100-0.50_2.dat, 0, 2.53704, 40260, 7.34757, 38272.9, 38272.9, 1.5044, 9789
data\ORLib\OR30x100-0.50_3.dat, 0, 2.51982, 40581, 7.62295, 38456.6, 38456.6, 2.11036, 9553
data\ORLib\OR30x100-0.50_4.dat, 0, 2.47314, 40026, 8.72623, 37459.7, 37459.7, 1.89078, 9668
data\ORLib\OR30x100-0.50_5.dat, 0, 1.7144, 40188, 7.89153, 37662.2, 37662.2, 1.61356, 9265
data\ORLib\OR30x100-0.50_6.dat, 0, 3.64606, 39561, 8.21943, 37683.3, 37683.3, 1.70881, 9561
data\ORLib\OR30x100-0.50_7.dat, 0, 4.18879, 39342, 8.76593, 37462.5, 37462.5, 1.44716, 9256
data\ORLib\OR30x100-0.50_8.dat, 0, 3.79456, 41098, 9.05632, 38850.2, 38850.2, 1.48246, 9479
data\ORLib\OR30x100-0.50_9.dat, 0, 3.88586, 40589, 8.27145, 38737, 38737, 1.91846, 9362
data\ORLib\OR30x100-0.75_1.dat, 0, 1.73931, 56494, 5.5698, 54291.7, 54291.7, 1.568, 9353
data\ORLib\OR30x100-0.75_10.dat, 0, 2.71769, 58956, 5.49329, 57273.9, 57273.9, 1.08891, 9526
data\ORLib\OR30x100-0.75_2.dat, 0, 1.56929, 59085, 5.07249, 56982.1, 56982.1, 1.47122, 9359
data\ORLib\OR30x100-0.75_3.dat, 0, 1.25405, 57324, 5.96517, 54589.1, 54589.1, 1.18229, 9959
data\ORLib\OR30x100-0.75_4.dat, 0, 0.781559, 60301, 5.48621, 57441.7, 57441.7, 1.58273, 9213
data\ORLib\OR30x100-0.75_5.dat, 0, 2.01753, 57696, 6.29639, 55176.4, 55176.4, 1.40778, 9363
data\ORLib\OR30x100-0.75_6.dat, 0, 0.741531, 59566, 5.18922, 56896.9, 56896.9, 1.8129, 9190
data\ORLib\OR30x100-0.75_7.dat, 0, 1.63765, 57180, 5.60735, 54872.3, 54872.3, 1.54089, 9282
data\ORLib\OR30x100-0.75_8.dat, 0, 1.04632, 58446, 5.4713, 55832.4, 55832.4, 1.67339, 9289
data\ORLib\OR30x100-0.75_9.dat, 0, 0.947859, 58416, 5.22674, 55892.5, 55892.5, 1.76233, 9169
data\ORLib\OR30x250-0.25_1.dat, 0, 9.97678, 51171, 16.5171, 47453.3, 47453.3, 2.547, 25356
data\ORLib\OR30x250-0.25_10.dat, 0, 6.2944, 52894, 15.3468, 47784.2, 47784.2, 2.78177, 26470
data\ORLib\OR30x250-0.25_2.dat, 0, 10.7331, 52239, 16.2153, 49030.8, 49030.8, 1.89555, 27046
data\ORLib\OR30x250-0.25_3.dat, 0, 13.177, 49154, 16.5434, 47248.1, 47248.1, 1.53067, 26628
data\ORLib\OR30x250-0.25_4.dat, 0, 10.4233, 50996, 16.424, 47579.8, 47579.8, 2.15946, 26338
data\ORLib\OR30x250-0.25_5.dat, 0, 9.71057, 51130, 16.3975, 47343.3, 47343.3, 2.28315, 25665
data\ORLib\OR30x250-0.25_6.dat, 0, 9.33834, 51863, 15.2679, 48471, 48471, 2.64002, 25965
data\ORLib\OR30x250-0.25_7.dat, 0, 10.3057, 50549, 15.8978, 47397.5, 47397.5, 1.86599, 26569
data\ORLib\OR30x250-0.25_8.dat, 0, 5.58832, 53302, 14.8335, 48082.5, 48082.5, 3.62659, 27625
data\ORLib\OR30x250-0.25_9.dat, 0, 11.8628, 50656, 15.7746, 48407.7, 48407.7, 1.72102, 26348
data\ORLib\OR30x250-0.50_1.dat, 0, 6.731, 100516, 11.5848, 95285, 95285, 1.26811, 26464
data\ORLib\OR30x250-0.50_10.dat, 0, 7.26602, 98094, 11.202, 93930.5, 93930.5, 1.22119, 27743
data\ORLib\OR30x250-0.50_2.dat, 0, 9.31065, 98300, 11.471, 95958.4, 95958.4, 1.01104, 26760
data\ORLib\OR30x250-0.50_3.dat, 0, 7.3129, 98658, 10.763, 94985.7, 94985.7, 1.26111, 26196
data\ORLib\OR30x250-0.50_4.dat, 0, 10.253, 95918, 11.6153, 94462, 94462, 0.604297, 28125
data\ORLib\OR30x250-0.50_5.dat, 0, 8.55661, 98223, 11.8619, 94672.7, 94672.7, 0.798399, 27301
data\ORLib\OR30x250-0.50_6.dat, 0, 6.34748, 100462, 10.8635, 95617.6, 95617.6, 1.33549, 26728
data\ORLib\OR30x250-0.50_7.dat, 0, 9.35679, 96419, 11.6352, 93995.4, 93995.4, 0.871684, 26571
data\ORLib\OR30x250-0.50_8.dat, 0, 7.86873, 95846, 11.5257, 92041.6, 92041.6, 1.07436, 26507
data\ORLib\OR30x250-0.50_9.dat, 0, 8.21105, 98082, 11.4236, 94649.2, 94649.2, 1.21426, 26694
data\ORLib\OR30x250-0.75_1.dat, 0, 2.85223, 145880, 8.9443, 136732, 136732, 2.06324, 26648
data\ORLib\OR30x250-0.75_10.dat, 0, 5.14004, 141975, 8.88899, 136364, 136364, 1.57234, 27522
data\ORLib\OR30x250-0.75_2.dat, 0, 4.78667, 142780, 9.19682, 136167, 136167, 1.69529, 25896
data\ORLib\OR30x250-0.75_3.dat, 0, 4.71024, 145800, 9.21444, 138908, 138908, 1.8742, 26418
data\ORLib\OR30x250-0.75_4.dat, 0, 4.6876, 146051, 8.87166, 139640, 139640, 1.94566, 26653
data\ORLib\OR30x250-0.75_5.dat, 0, 3.07279, 145669, 8.7067, 137202, 137202, 2.2104, 27395
data\ORLib\OR30x250-0.75_6.dat, 0, 3.35523, 143589, 8.52825, 135903, 135903, 1.74815, 26135
data\ORLib\OR30x250-0.75_7.dat, 0, 1.67484, 145007, 9.22639, 133870, 133870, 1.98128, 26147
data\ORLib\OR30x250-0.75_8.dat, 0, 3.61646, 147382, 8.34216, 140156, 140156, 1.90721, 25873
data\ORLib\OR30x250-0.75_9.dat, 0, 5.01839, 142064, 8.64654, 136637, 136637, 1.75083, 26206
data\ORLib\OR30x500-0.25_1.dat, 0, 12.7843, 101219, 18.2266, 94902.9, 94902.9, 1.79961, 51860
data\ORLib\OR30x500-0.25_10.dat, 0, 13.3859, 101439, 17.9181, 96131, 96131, 1.67741, 53681
data\ORLib\OR30x500-0.25_2.dat, 0, 14.814, 97802, 18.3161, 93781.2, 93781.2, 1.21868, 53046
data\ORLib\OR30x500-0.25_3.dat, 0, 12.9637, 101607, 17.7675, 95999, 95999, 1.88217, 53714
data\ORLib\OR30x500-0.25_4.dat, 0, 14.3099, 98847, 17.6456, 94999.1, 94999.1, 1.64692, 52898
data\ORLib\OR30x500-0.25_5.dat, 0, 12.0626, 102469, 17.3985, 96251.4, 96251.4, 1.94523, 51784
data\ORLib\OR30x500-0.25_6.dat, 0, 13.9734, 99568, 17.5294, 95452.3, 95452.3, 1.28862, 53432
data\ORLib\OR30x500-0.25_7.dat, 0, 14.3404, 97807, 18.0078, 93619.5, 93619.5, 1.47062, 53427
data\ORLib\OR30x500-0.25_8.dat, 0, 16.2032, 95866, 18.3978, 93355.4, 93355.4, 1.01941, 52174
data\ORLib\OR30x500-0.25_9.dat, 0, 15.286, 97776, 18.3007, 94296.6, 94296.6, 1.29306, 53067
data\ORLib\OR30x500-0.50_1.dat, 0, 10.8384, 194465, 13.0929, 189548, 189548, 0.671303, 53974
data\ORLib\OR30x500-0.50_10.dat, 0, 6.86508, 199997, 12.5744, 187737, 187737, 1.15287, 53998
data\ORLib\OR30x500-0.50_2.dat, 0, 5.84259, 202107, 12.1149, 188644, 188644, 1.30727, 55316
data\ORLib\OR30x500-0.50_3.dat, 0, 11.554, 191024, 13.3287, 187191, 187191, 0.680397, 54998
data\ORLib\OR30x500-0.50_4.dat, 0, 10.7856, 194407, 12.7114, 190211, 190211, 0.737463, 54474
data\ORLib\OR30x500-0.50_5.dat, 0, 11.0747, 191802, 12.7879, 188107, 188107, 0.587979, 54299
data\ORLib\OR30x500-0.50_6.dat, 0, 10.8832, 192420, 12.4292, 189082, 189082, 0.625588, 53452
data\ORLib\OR30x500-0.50_7.dat, 0, 11.3206, 191465, 13.0342, 187765, 187765, 0.705789, 55991
data\ORLib\OR30x500-0.50_8.dat, 0, 10.0059, 194875, 12.7541, 188924, 188924, 0.604761, 54324
data\ORLib\OR30x500-0.50_9.dat, 0, 6.18156, 203905, 12.1418, 190951, 190951, 1.33571, 53830
data\ORLib\OR30x500-0.75_1.dat, 0, 6.29817, 282675, 14.3314, 258441, 258441, 3.50729, 52575
data\ORLib\OR30x500-0.75_10.dat, 0, 6.59875, 280738, 14.9135, 255746, 255746, 3.77505, 53452
data\ORLib\OR30x500-0.75_2.dat, 0, 6.36117, 280968, 13.424, 259775, 259775, 3.64037, 53848
data\ORLib\OR30x500-0.75_3.dat, 0, 5.23883, 289104, 13.8869, 262720, 262720, 3.80927, 53127
data\ORLib\OR30x500-0.75_4.dat, 0, 6.37648, 282773, 15.095, 256440, 256440, 3.71353, 53690
data\ORLib\OR30x500-0.75_5.dat, 0, 4.1552, 291811, 12.6841, 265844, 265844, 4.13511, 52338
data\ORLib\OR30x500-0.75_6.dat, 0, 7.59801, 274445, 14.4133, 254203, 254203, 3.67402, 52318
data\ORLib\OR30x500-0.75_7.dat, 0, 6.5723, 283426, 14.4667, 259477, 259477, 3.61422, 51471
data\ORLib\OR30x500-0.75_8.dat, 0, 6.3536, 287501, 14.9053, 261247, 261247, 3.95153, 52166
data\ORLib\OR30x500-0.75_9.dat, 0, 6.38821, 283830, 14.283, 259893, 259893, 4.07613, 51292
data\ORLib\OR5x100-0.25_1.dat, 0, 2.69882, 23723, 10.5943, 21798, 21798, 2.55678, 7160
data\ORLib\OR5x100-0.25_10.dat, 0, 4.54303, 23302, 10.1947, 21922.4, 21922.4, 2.32421, 6442
data\ORLib\OR5x100-0.25_2.dat, 0, 5.62742, 22908, 11.3687, 21514.4, 21514.4, 2.89983, 6502
data\ORLib\OR5x100-0.25_3.dat, 0, 2.43302, 22978, 11.4868, 20845.7, 20845.7, 3.03611, 6863
data\ORLib\OR5x100-0.25_4.dat, 0, 5.75338, 22180, 9.71559, 21247.5, 21247.5, 1.85664, 6982
data\ORLib\OR5x100-0.25_5.dat, 0, 3.99733, 23032, 10.279, 21525, 21525, 2.76188, 6926
data\ORLib\OR5x100-0.25_6.dat, 0, 6.48032, 23018, 10.6808, 21984.1, 21984.1, 2.30943, 6680
data\ORLib\OR5x100-0.25_7.dat, 0, 7.70974, 23618, 11.0734, 22757.2, 22757.2, 1.84359, 6982
data\ORLib\OR5x100-0.25_8.dat, 0, 4.67322, 22316, 9.79268, 21117.5, 21117.5, 2.41537, 6571
data\ORLib\OR5x100-0.25_9.dat, 0, 5.61199, 22857, 10.3472, 21710.3, 21710.3, 2.5183, 6450
data\ORLib\OR5x100-0.50_1.dat, 0, 2.35283, 41751, 7.11361, 39715.4, 39715.4, 1.89078, 6770
data\ORLib\OR5x100-0.50_10.dat, 0, 1.30628, 43972, 6.82041, 41515.2, 41515.2, 1.91856, 6673
data\ORLib\OR5x100-0.50_2.dat, 0, 4.12739, 40789, 7.24018, 39464.7, 39464.7, 1.43145, 6788
data\ORLib\OR5x100-0.50_3.dat, 0, 1.45587, 41357, 7.05784, 39006, 39006, 1.6656, 6352
data\ORLib\OR5x100-0.50_4.dat, 0, 3.11599, 43685, 7.54994, 41685.7, 41685.7, 1.61247, 6850
data\ORLib\OR5x100-0.50_5.dat, 0, 2.38761, 41210, 7.73359, 38953, 38953, 2.03238, 6950
data\ORLib\OR5x100-0.50_6.dat, 0, 4.58919, 40957, 8.00553, 39490.5, 39490.5, 1.34528, 6823
data\ORLib\OR5x100-0.50_7.dat, 0, 2.5566, 40935, 7.72096, 38765.5, 38765.5, 2.01376, 6868
data\ORLib\OR5x100-0.50_8.dat, 0, 1.39938, 44390, 7.4475, 41667.1, 41667.1, 1.768, 6295
data\ORLib\OR5x100-0.50_9.dat, 0, 1.94517, 42596, 7.25121, 40291, 40291, 1.54731, 6728
data\ORLib\OR5x100-0.75_1.dat, 0, 1.28715, 59052, 5.21297, 56703.5, 56703.5, 1.66369, 6594
data\ORLib\OR5x100-0.75_10.dat, 0, 1.13733, 59283, 4.95339, 56994.7, 56994.7, 1.42934, 6873
data\ORLib\OR5x100-0.75_2.dat, 0, 0.974533, 61476, 5.09147, 58920.2, 58920.2, 1.6274, 6457
data\ORLib\OR5x100-0.75_3.dat, 0, 1.65881, 58810, 5.29246, 56637, 56637, 1.58918, 6490
data\ORLib\OR5x100-0.75_4.dat, 0, 2.99773, 58666, 5.16174, 57357.2, 57357.2, 1.17291, 6584
data\ORLib\OR5x100-0.75_5.dat, 0, 1.37827, 60249, 5.76277, 57570.5, 57570.5, 1.41861, 6549
data\ORLib\OR5x100-0.75_6.dat, 0, 1.09228, 58315, 4.40119, 56364.1, 56364.1, 1.72835, 6475
data\ORLib\OR5x100-0.75_7.dat, 0, 1.39101, 60682, 5.0462, 58432.7, 58432.7, 1.328, 6444
data\ORLib\OR5x100-0.75_8.dat, 0, 0.988297, 60912, 5.18915, 58327.6, 58327.6, 1.44952, 6495
data\ORLib\OR5x100-0.75_9.dat, 0, 1.53398, 58541, 5.51489, 56174.2, 56174.2, 1.20285, 6586
data\ORLib\OR5x250-0.25_1.dat, 0, 13.2216, 51470, 17.0594, 49193.7, 49193.7, 1.7631, 19848
data\ORLib\OR5x250-0.25_10.dat, 0, 11.971, 51901, 15.7931, 49647.5, 49647.5, 1.87382, 19157
data\ORLib\OR5x250-0.25_2.dat, 0, 10.6748, 54910, 16.1027, 51573.3, 51573.3, 2.02469, 19213
data\ORLib\OR5x250-0.25_3.dat, 0, 8.72686, 56708, 16.7525, 51721.7, 51721.7, 2.33202, 19323
data\ORLib\OR5x250-0.25_4.dat, 0, 12.1639, 52230, 14.786, 50670.8, 50670.8, 1.56877, 20790
data\ORLib\OR5x250-0.25_5.dat, 0, 12.2271, 51743, 15.2507, 49960.6, 49960.6, 1.74664, 20582
data\ORLib\OR5x250-0.25_6.dat, 0, 10.7862, 53597, 15.4397, 50801.3, 50801.3, 1.74291, 19604
data\ORLib\OR5x250-0.25_7.dat, 0, 12.0899, 53110, 15.5856, 50998.1, 50998.1, 1.87295, 20533
data\ORLib\OR5x250-0.25_8.dat, 0, 7.71408, 56730, 15.3115, 52059.7, 52059.7, 2.4302, 19368
data\ORLib\OR5x250-0.25_9.dat, 0, 12.7592, 53989, 16.4226, 51721.9, 51721.9, 1.81033, 20328
data\ORLib\OR5x250-0.50_1.dat, 0, 6.54666, 101966, 9.79586, 98420.8, 98420.8, 1.02249, 20767
data\ORLib\OR5x250-0.50_10.dat, 0, 4.61993, 102112, 10.1678, 96172.6, 96172.6, 1.49592, 19420
data\ORLib\OR5x250-0.50_2.dat, 0, 5.47337, 103829, 10.7501, 98033, 98033, 1.45074, 20764
data\ORLib\OR5x250-0.50_3.dat, 0, 5.81524, 102198, 10.7929, 96796.8, 96796.8, 1.14489, 20802
data\ORLib\OR5x250-0.50_4.dat, 0, 8.89992, 99648, 10.6384, 97746.4, 97746.4, 0.70285, 20482
data\ORLib\OR5x250-0.50_5.dat, 0, 4.7724, 105436, 9.26785, 100459, 100459, 1.73412, 20174
data\ORLib\OR5x250-0.50_6.dat, 0, 4.5866, 105199, 9.95021, 99285.3, 99285.3, 1.4154, 20464
data\ORLib\OR5x250-0.50_7.dat, 0, 4.26999, 104384, 10.2497, 97863.7, 97863.7, 1.40408, 20573
data\ORLib\OR5x250-0.50_8.dat, 0, 8.42428, 99856, 9.90942, 98236.6, 98236.6, 0.600975, 19953
data\ORLib\OR5x250-0.50_9.dat, 0, 5.06133, 104405, 10.0553, 98913, 98913, 1.32371, 20591
data\ORLib\OR5x250-0.75_1.dat, 0, 1.34567, 147651, 8.0433, 137627, 137627, 2.42168, 19217
data\ORLib\OR5x250-0.75_10.dat, 0, 2.67864, 150525, 8.78152, 141086, 141086, 2.32517, 20140
data\ORLib\OR5x250-0.75_2.dat, 0, 3.43457, 150588, 8.95584, 141978, 141978, 2.18106, 19524
data\ORLib\OR5x250-0.75_3.dat, 0, 2.54798, 145529, 7.89276, 137547, 137547, 2.25453, 19835
data\ORLib\OR5x250-0.75_4.dat, 0, 3.09472, 147422, 8.32409, 139467, 139467, 2.66282, 19605
data\ORLib\OR5x250-0.75_5.dat, 0, 4.73885, 143228, 8.73906, 137214, 137214, 1.45679, 19225
data\ORLib\OR5x250-0.75_6.dat, 0, 2.07471, 146932, 8.69037, 137006, 137006, 2.47124, 19642
data\ORLib\OR5x250-0.75_7.dat, 0, 2.68628, 144615, 8.52766, 135934, 135934, 2.77025, 19780
data\ORLib\OR5x250-0.75_8.dat, 0, 2.29667, 146342, 8.75951, 136662, 136662, 2.35757, 19520
data\ORLib\OR5x250-0.75_9.dat, 0, 3.03144, 150374, 8.73717, 141526, 141526, 2.14533, 19912
data\ORLib\OR5x500-0.25_1.dat, 0, 13.5483, 103870, 17.6993, 98882.7, 98882.7, 1.60835, 38331
data\ORLib\OR5x500-0.25_10.dat, 0, 14.9581, 102660, 18.7044, 98137.6, 98137.6, 1.39778, 37632
data\ORLib\OR5x500-0.25_2.dat, 0, 13.8303, 101576, 18.3505, 96247.7, 96247.7, 1.61952, 38820
data\ORLib\OR5x500-0.25_3.dat, 0, 14.0418, 104122, 17.3965, 100059, 100059, 1.73557, 40244
data\ORLib\OR5x500-0.25_4.dat, 0, 14.1245, 103741, 18.6197, 98310.6, 98310.6, 1.37032, 38465
data\ORLib\OR5x500-0.25_5.dat, 0, 15.0484, 103912, 18.4478, 99753.9, 99753.9, 1.41417, 37756
data\ORLib\OR5x500-0.25_6.dat, 0, 17.3023, 100911, 20.1838, 97394.9, 97394.9, 1.04781, 36970
data\ORLib\OR5x500-0.25_7.dat, 0, 15.3785, 100807, 18.2211, 97420.8, 97420.8, 1.47394, 39850
data\ORLib\OR5x500-0.25_8.dat, 0, 14.153, 103504, 18.9894, 97672.9, 97672.9, 1.87959, 39460
data\ORLib\OR5x500-0.25_9.dat, 0, 12.9044, 105896, 18.173, 99490.2, 99490.2, 1.62048, 38075
data\ORLib\OR5x500-0.50_1.dat, 0, 9.15633, 198428, 11.4315, 193458, 193458, 0.744218, 42828
data\ORLib\OR5x500-0.50_10.dat, 0, 8.04391, 202045, 11.3714, 194734, 194734, 0.878424, 42708
data\ORLib\OR5x500-0.50_2.dat, 0, 8.55598, 202276, 11.5536, 195645, 195645, 0.951718, 40709
data\ORLib\OR5x500-0.50_3.dat, 0, 8.57306, 198892, 11.7434, 191995, 191995, 0.96587, 42530
data\ORLib\OR5x500-0.50_4.dat, 0, 6.01897, 210104, 11.6631, 197486, 197486, 1.16284, 40706
data\ORLib\OR5x500-0.50_5.dat, 0, 11.1739, 194499, 12.1375, 192389, 192389, 0.403158, 42845
data\ORLib\OR5x500-0.50_6.dat, 0, 7.55135, 203877, 11.6185, 194908, 194908, 1.33491, 42649
data\ORLib\OR5x500-0.50_7.dat, 0, 6.74988, 205140, 11.7732, 194089, 194089, 1.13704, 42654
data\ORLib\OR5x500-0.50_8.dat, 0, 9.1891, 198163, 11.6702, 192749, 192749, 0.786271, 40848
data\ORLib\OR5x500-0.50_9.dat, 0, 9.26785, 196867, 11.8013, 191370, 191370, 0.818638, 41204
data\ORLib\OR5x500-0.75_1.dat, 0, 6.70423, 275995, 14.8336, 251946, 251946, 3.27247, 39035
data\ORLib\OR5x500-0.75_10.dat, 0, 6.14284, 281487, 14.0262, 257844, 257844, 4.30402, 39638
data\ORLib\OR5x500-0.75_2.dat, 0, 3.94468, 295933, 13.0589, 267853, 267853, 5.16137, 38448
data\ORLib\OR5x500-0.75_3.dat, 0, 6.50042, 280308, 15.4036, 253617, 253617, 3.63633, 37681
data\ORLib\OR5x500-0.75_4.dat, 0, 6.10382, 287773, 13.4731, 265188, 265188, 4.23613, 41089
data\ORLib\OR5x500-0.75_5.dat, 0, 4.10266, 288020, 14.2126, 257656, 257656, 3.7851, 38404
data\ORLib\OR5x500-0.75_6.dat, 0, 7.79123, 278997, 15.029, 257098, 257098, 3.37938, 38421
data\ORLib\OR5x500-0.75_7.dat, 0, 5.63419, 284361, 13.7897, 259785, 259785, 4.40392, 39009
data\ORLib\OR5x500-0.75_8.dat, 0, 4.28743, 293315, 13.1976, 266009, 266009, 4.23654, 39646
data\ORLib\OR5x500-0.75_9.dat, 0, 6.01232, 284621, 14.8965, 257717, 257717, 3.71409, 39629
